24/07/2026|12,16,36,38,41,45|21022863500
22/07/2026|03,32,33,34,39,43|18940596000
19/07/2026|12,22,24,26,31,37|16938370500
17/07/2026|09,18,30,31,39,45|15135731500
15/07/2026|07,11,29,37,43,45|13466752000
12/07/2026|06,09,11,17,35,44|16835595500
10/07/2026|09,17,23,26,42,44|15125678000
08/07/2026|13,14,22,26,37,44|13593068000
05/07/2026|01,05,13,29,32,35|18621098500
03/07/2026|06,20,21,28,30,39|16588587500
01/07/2026|20,24,25,29,40,44|14851168500
28/06/2026|02,11,18,33,42,45|13398803500
26/06/2026|09,14,31,36,41,45|23459457000
24/06/2026|03,11,17,19,30,32|21492650500
21/06/2026|03,08,19,27,41,45|19610652500
19/06/2026|06,09,19,29,30,36|17892946500
17/06/2026|05,06,16,28,35,39|16455362500
14/06/2026|07,16,20,22,24,38|14868581000
12/06/2026|05,15,30,34,37,38|13387644500
10/06/2026|03,09,17,22,27,32|23970104000
07/06/2026|14,21,26,30,34,35|21953362500
05/06/2026|13,16,19,32,36,39|19954939500
03/06/2026|03,11,26,33,36,38|18272207500
31/05/2026|01,12,16,21,24,41|16727002500
29/05/2026|13,14,24,28,30,42|14957927500
27/05/2026|02,13,17,18,31,37|13466713000
24/05/2026|04,08,09,14,25,42|36108182500
22/05/2026|02,03,14,28,41,44|34004531000
20/05/2026|16,28,29,37,40,45|31831890500
17/05/2026|04,08,13,15,27,31|29888218000
15/05/2026|06,14,20,22,23,44|27826659000
13/05/2026|08,10,15,32,35,43|25897418500
10/05/2026|03,04,10,11,27,42|24007391500
08/05/2026|04,16,17,26,34,42|22163871500
06/05/2026|09,12,28,36,37,40|20346657500
03/05/2026|07,09,14,24,38,39|18414506000
01/05/2026|04,21,25,31,41,43|16774271500
29/04/2026|04,14,15,16,17,25|15047545500
26/04/2026|12,18,22,25,31,41|13356474500
24/04/2026|20,29,33,36,41,42|19009446500
22/04/2026|02,06,15,16,17,37|17024831000
19/04/2026|07,10,15,27,33,35|15140892500
17/04/2026|01,10,19,31,36,38|13547280000
15/04/2026|21,22,33,35,36,43|14929490000
12/04/2026|01,10,11,32,39,42|13539884500
10/04/2026|07,08,10,16,28,35|79143240000
08/04/2026|05,08,23,26,38,41|72718091500
05/04/2026|02,09,23,30,32,42|66503202000
03/04/2026|02,04,23,24,35,41|60545526000
01/04/2026|06,30,34,36,37,44|55077520500
29/03/2026|05,08,18,30,37,45|49393298500
27/03/2026|05,07,13,19,38,45|44387164000
25/03/2026|16,22,24,29,35,36|40017636000
22/03/2026|05,10,22,26,31,36|35389251000
20/03/2026|08,11,22,23,38,43|31336177500
18/03/2026|14,20,33,35,36,44|27604313500
15/03/2026|04,07,11,26,42,44|24896153000
13/03/2026|11,12,20,22,31,33|22940971500
11/03/2026|16,18,19,28,31,44|20876998000
08/03/2026|06,12,13,25,31,32|18851320000
06/03/2026|02,10,12,21,32,37|16890152500
04/03/2026|01,04,06,09,13,44|15280547500
01/03/2026|16,22,23,35,44,45|13545761500
27/02/2026|02,04,08,15,17,28|35265228500
25/02/2026|04,13,20,22,23,29|32840261000
22/02/2026|07,23,24,36,38,40|30192318000
20/02/2026|04,25,28,33,34,45|27826445000
18/02/2026|01,07,19,23,26,44|25544567500
15/02/2026|04,06,07,20,28,43|23254681000
13/02/2026|08,12,31,36,42,43|20978879000
11/02/2026|15,20,35,40,44,45|19090608500
08/02/2026|06,13,16,20,23,38|17120760000
06/02/2026|02,07,13,17,42,45|15277177500
04/02/2026|02,12,14,17,39,43|13586590000
01/02/2026|01,18,21,23,30,36|42413161000
30/01/2026|16,17,30,41,42,45|39633623500
28/01/2026|04,10,16,19,27,40|36724289000
25/01/2026|02,19,20,24,33,34|34189642000
23/01/2026|09,15,16,20,22,31|31504393000
21/01/2026|01,18,23,24,29,37|29100546500
18/01/2026|02,05,15,26,39,42|26603564000
16/01/2026|02,10,21,31,34,40|24505372000
14/01/2026|01,22,23,28,39,45|22198168500
11/01/2026|08,10,21,25,31,38|20107286000
09/01/2026|08,09,17,21,36,45|18117407500
07/01/2026|01,05,07,28,31,43|16618860500
04/01/2026|02,12,21,29,35,44|14884127500
02/01/2026|07,18,22,32,37,38|13441549500
31/12/2025|01,25,35,36,37,45|17185095500
28/12/2025|01,02,07,16,31,37|15013882000
26/12/2025|04,06,16,25,27,40|13298063000
24/12/2025|15,19,31,35,43,45|21520487000
21/12/2025|06,09,12,18,29,43|19677517000
19/12/2025|01,21,36,42,43,44|18084689000
17/12/2025|05,14,24,38,41,43|16358464000
14/12/2025|08,11,13,16,28,32|14751100500
12/12/2025|03,07,13,17,38,44|13330935000
10/12/2025|07,18,22,29,30,36|13225286500
07/12/2025|01,05,23,28,29,43|18256864000
05/12/2025|02,19,23,37,42,43|16493310000
03/12/2025|08,15,20,23,31,34|14938364500
30/11/2025|07,13,26,30,34,42|13413193000
28/11/2025|02,09,17,23,39,41|61756239000
26/11/2025|02,08,15,19,30,38|56760899000
23/11/2025|04,12,19,42,43,44|51704246500
21/11/2025|08,11,18,25,28,35|46884480000
19/11/2025|09,12,19,30,40,43|42873411500
16/11/2025|15,20,31,33,34,45|38896295500
14/11/2025|03,10,15,27,41,42|34658263000
12/11/2025|16,24,29,37,40,44|30805423000
09/11/2025|13,23,27,30,37,43|26984912500
07/11/2025|03,04,20,28,39,42|24012930000
05/11/2025|02,09,18,25,30,31|22347315000
02/11/2025|03,07,12,20,30,44|20519112000
31/10/2025|03,10,31,34,36,43|18922975500
29/10/2025|07,26,35,39,41,42|17232704500
26/10/2025|18,30,34,42,43,45|15470391000
24/10/2025|02,11,24,31,32,38|13646843000
22/10/2025|05,11,12,24,28,44|133774094500
19/10/2025|16,17,25,26,28,37|122200134500
17/10/2025|15,17,18,26,31,42|112369722000
15/10/2025|01,06,18,20,29,40|102316956500
12/10/2025|04,10,16,20,28,34|91931702000
10/10/2025|04,05,25,34,39,43|83805967000
08/10/2025|08,10,11,18,23,32|76151393500
05/10/2025|05,14,22,28,32,39|69356697000
03/10/2025|29,31,32,33,34,35|63179971500
01/10/2025|03,06,07,19,30,35|56670803000
28/09/2025|08,13,18,26,36,39|51163848500
26/09/2025|12,17,19,27,28,36|47087205500
24/09/2025|03,05,17,31,32,40|42761806000
21/09/2025|02,03,06,21,28,38|37891566500
19/09/2025|04,06,17,18,28,41|33687788500
17/09/2025|11,23,25,35,38,45|29657103000
14/09/2025|03,06,09,10,30,37|25843154500
12/09/2025|17,22,24,37,42,43|23514601500
10/09/2025|07,10,18,20,24,36|21729038000
07/09/2025|06,29,30,39,42,44|20044743500
05/09/2025|01,10,20,22,41,43|18258619000
03/09/2025|14,21,23,28,44,45|16570862000
31/08/2025|03,04,14,30,32,38|15040482500
29/08/2025|02,04,10,24,35,36|13423875000
27/08/2025|03,11,18,39,40,42|48376258000
24/08/2025|02,09,20,28,32,43|43923409000
22/08/2025|01,09,10,13,37,39|39660369000
20/08/2025|04,09,27,32,38,42|35445053000
17/08/2025|15,24,26,29,31,42|31340556500
15/08/2025|05,22,27,36,43,45|29027737000
13/08/2025|10,15,28,30,35,45|27337504000
10/08/2025|13,21,26,28,31,35|25554421000
08/08/2025|11,17,20,26,27,38|23666692000
06/08/2025|03,12,14,18,29,34|21684824500
03/08/2025|05,14,24,26,37,43|19931665500
01/08/2025|05,29,30,31,36,38|18265650500
30/07/2025|02,03,06,16,26,34|16550767500
27/07/2025|01,09,12,27,39,45|14979698500
25/07/2025|20,30,34,35,38,39|13701789000
23/07/2025|24,26,29,32,37,44|25512555500
20/07/2025|11,13,14,20,37,42|23361888000
18/07/2025|07,22,24,28,42,45|21421842500
16/07/2025|06,11,14,19,21,42|19469161500
13/07/2025|09,17,22,27,35,36|17645487000
11/07/2025|11,20,22,24,43,45|15633554500
09/07/2025|07,08,30,32,33,44|13844111000
06/07/2025|05,08,13,23,36,45|17376239500
04/07/2025|07,09,21,29,41,45|15663237500
02/07/2025|12,16,21,28,34,41|13859569500
29/06/2025|10,23,25,26,27,28|127286987500
27/06/2025|09,14,26,30,44,45|117524279500
25/06/2025|08,10,26,29,35,39|108003726500
22/06/2025|01,09,14,20,34,41|99007604000
20/06/2025|02,08,18,22,26,29|90734661000
18/06/2025|19,23,24,26,36,41|83081823000
15/06/2025|15,16,22,23,29,32|75350965000
13/06/2025|01,13,19,28,30,36|68541913000
11/06/2025|10,13,22,27,41,45|62026776000
08/06/2025|06,17,18,19,31,37|55650339500
06/06/2025|24,26,35,39,41,45|49708989500
04/06/2025|11,23,26,27,29,32|44017957000
01/06/2025|09,24,29,37,42,44|38847124000
30/05/2025|04,07,12,35,37,41|34305979500
28/05/2025|17,22,23,28,31,41|29736250000
25/05/2025|05,14,23,24,28,44|25290182500
23/05/2025|02,04,15,16,29,43|23051056000
21/05/2025|02,13,14,21,24,30|20908114000
18/05/2025|06,07,17,27,30,42|18835213500
16/05/2025|05,09,14,22,32,44|16981638500
14/05/2025|19,24,27,37,44,45|15364240000
11/05/2025|13,15,17,22,28,43|13687214500
09/05/2025|01,07,09,34,40,42|78231289000
07/05/2025|08,27,28,31,34,40|71466517000
04/05/2025|06,07,08,09,12,29|64984905500
02/05/2025|03,07,32,37,42,45|59917526000
30/04/2025|01,17,26,33,36,44|54850604500
27/04/2025|08,11,31,35,36,45|49225180000
25/04/2025|04,08,09,10,20,34|44199332500
23/04/2025|07,12,23,34,42,43|39593568000
20/04/2025|05,07,14,26,29,44|35055913500
18/04/2025|05,20,21,22,29,44|30530141500
16/04/2025|05,08,12,16,28,32|26440516000
13/04/2025|13,14,18,25,30,32|23646884500
11/04/2025|01,13,14,26,37,43|21350802000
09/04/2025|05,08,11,22,41,44|19271501000
06/04/2025|03,05,06,13,18,22|17412440000
04/04/2025|02,13,24,25,28,38|15558285000
02/04/2025|08,14,15,22,31,34|13743095000
30/03/2025|14,15,33,38,42,45|56741982500
28/03/2025|05,07,22,28,29,34|50292236000
26/03/2025|17,24,25,30,35,39|44658895000
23/03/2025|05,06,08,09,36,45|39370154000
21/03/2025|31,32,34,41,42,45|34506718500
19/03/2025|12,23,27,28,29,43|29865157000
16/03/2025|02,12,14,16,38,45|27522972000
14/03/2025|07,11,13,16,28,30|25331261000
12/03/2025|19,26,30,32,36,42|23179934500
09/03/2025|10,11,30,33,44,45|20955665500
07/03/2025|08,11,12,20,25,32|19015032000
05/03/2025|10,22,32,37,41,43|17354094000
02/03/2025|08,24,30,33,42,45|15328308500
28/02/2025|10,11,14,16,21,29|13537177000
26/02/2025|02,13,15,16,18,20|22893989000
23/02/2025|10,12,15,17,24,33|20715045000
21/02/2025|04,09,19,20,30,42|18757108500
19/02/2025|01,06,10,11,25,29|16995194500
16/02/2025|11,19,26,28,35,40|15385461000
14/02/2025|06,08,10,27,28,32|13642050000
12/02/2025|07,19,31,39,42,43|20547584500
09/02/2025|08,16,22,27,31,34|18275685500
07/02/2025|04,05,25,27,35,39|16338643500
05/02/2025|04,06,09,14,25,41|14118575500
02/02/2025|15,20,22,29,32,36|152678407000
31/01/2025|02,15,16,32,42,45|139780079500
26/01/2025|05,08,09,11,20,29|126005043500
24/01/2025|01,07,11,22,31,34|113638180500
22/01/2025|03,21,26,29,32,33|100732063000
19/01/2025|05,06,10,19,32,38|88694200500
17/01/2025|02,12,22,31,34,35|79711876500
15/01/2025|02,06,08,10,23,33|70643696000
12/01/2025|02,09,12,14,41,44|64648452500
10/01/2025|02,04,08,28,42,44|60864897000
08/01/2025|02,03,17,33,37,38|57135772500
05/01/2025|02,07,15,37,41,42|53382262500
03/01/2025|06,12,21,27,34,41|50082418000
01/01/2025|14,20,25,28,36,40|47338930500
29/12/2024|05,08,19,31,34,43|44067745500
27/12/2024|01,10,13,24,25,33|41293911500
25/12/2024|08,13,20,25,28,39|38615657500
22/12/2024|15,16,24,27,31,44|36004612500
20/12/2024|06,09,12,21,28,33|33371997000
18/12/2024|03,07,12,16,26,34|31310806000
15/12/2024|01,10,20,22,23,36|29082832000
13/12/2024|03,07,29,36,37,44|26867060000
11/12/2024|02,10,17,23,29,33|24777935000
08/12/2024|01,13,24,26,27,37|22725738500
06/12/2024|08,14,18,26,34,42|20515681000
04/12/2024|07,14,19,24,34,36|18798154500
01/12/2024|15,17,25,29,33,35|17057985500
29/11/2024|12,15,33,35,37,45|15190794500
27/11/2024|06,21,24,31,42,44|13588912500
24/11/2024|05,14,15,21,33,36|16930514500
22/11/2024|01,14,15,19,38,40|15156338000
20/11/2024|04,16,24,29,31,37|13418918000
17/11/2024|11,17,29,31,38,42|13537887500
15/11/2024|08,13,31,36,37,40|45581631000
13/11/2024|03,23,28,35,39,42|42456900000
10/11/2024|03,07,11,12,13,40|39606306500
08/11/2024|11,15,18,27,34,37|37004206500
06/11/2024|01,02,03,11,25,37|34366173000
03/11/2024|01,04,05,16,20,22|31646618500
01/11/2024|20,22,23,32,35,40|29358428000
30/10/2024|04,13,20,29,32,37|26810933500
27/10/2024|18,21,28,29,33,45|24626576000
25/10/2024|03,10,31,32,34,40|22669162000
23/10/2024|22,27,28,31,37,44|20513466500
20/10/2024|06,23,24,25,26,34|18553176000
18/10/2024|13,19,20,22,24,37|16591982500
16/10/2024|04,14,19,23,24,37|14890252500
13/10/2024|07,10,13,17,21,45|13369031000
11/10/2024|11,19,26,28,29,43|13354346000
09/10/2024|14,18,20,22,34,45|13438081500
06/10/2024|07,14,33,36,42,43|16416912500
04/10/2024|08,10,21,32,39,44|14724040000
02/10/2024|05,06,11,23,31,36|13365690500
29/09/2024|03,07,16,17,41,42|27222998500
27/09/2024|01,06,18,25,39,44|25263520500
25/09/2024|10,23,25,27,31,37|23337824500
22/09/2024|20,23,28,36,40,42|21434713500
20/09/2024|13,14,19,20,30,33|19410440000
18/09/2024|04,08,27,28,35,36|17855427500
15/09/2024|03,11,28,32,33,35|16097503500
13/09/2024|06,12,27,34,41,42|14538458000
11/09/2024|06,11,19,23,34,37|13176145000
08/09/2024|03,08,10,26,34,37|28144908000
06/09/2024|05,25,28,32,36,41|26383657500
04/09/2024|02,07,15,18,24,33|24441923000
01/09/2024|30,31,33,38,42,43|22540554500
30/08/2024|02,15,19,26,34,36|20718469000
28/08/2024|04,05,17,25,39,41|18798951500
25/08/2024|06,10,15,17,40,42|17010599000
23/08/2024|07,13,26,28,35,41|15205954500
21/08/2024|07,08,09,15,22,30|13466623500
18/08/2024|04,13,28,33,35,38|15056391500
16/08/2024|16,22,23,30,34,41|13447188500
14/08/2024|01,06,09,21,43,44|17116579000
11/08/2024|17,18,19,33,35,37|15199287000
09/08/2024|06,14,15,24,26,39|13483702000
07/08/2024|11,19,22,29,40,44|47395426500
04/08/2024|01,04,16,18,20,32|42127575500
02/08/2024|09,14,19,34,37,41|37052164000
31/07/2024|02,04,12,16,18,42|33278054500
28/07/2024|01,13,21,25,31,39|31100674000
26/07/2024|18,20,28,31,39,45|28738175000
24/07/2024|07,08,20,27,32,34|26628545500
21/07/2024|09,10,23,25,28,38|24380999000
19/07/2024|01,10,20,25,34,35|22544117000
17/07/2024|09,10,11,16,21,30|20516749500
14/07/2024|09,18,33,37,38,43|18676058500
12/07/2024|11,17,25,26,28,29|17018319000
10/07/2024|23,24,36,37,40,45|15294625500
07/07/2024|04,08,22,23,26,45|13539605500
05/07/2024|04,23,33,38,40,44|20185430500
03/07/2024|11,18,24,34,38,43|18339607000
30/06/2024|05,23,25,28,30,43|16735323500
28/06/2024|04,06,16,32,41,44|15172247000
26/06/2024|08,10,29,30,33,40|13538712500
23/06/2024|09,11,19,29,31,44|19775097000
21/06/2024|03,07,11,16,19,35|18108742500
19/06/2024|08,12,17,23,26,27|16583396500
16/06/2024|03,16,17,18,25,37|15109366500
14/06/2024|10,24,25,26,30,41|13410838000
12/06/2024|01,02,08,13,26,34|41467525000
09/06/2024|04,05,28,32,37,42|36917178000
07/06/2024|15,19,24,25,27,39|32584730500
05/06/2024|11,25,28,33,34,45|28609380500
02/06/2024|02,07,13,23,25,45|24397894000
31/05/2024|04,08,15,23,31,40|22426387500
29/05/2024|04,21,25,27,35,39|20570219000
26/05/2024|04,09,11,14,19,27|18585169500
24/05/2024|02,14,15,17,23,40|16892502000
22/05/2024|02,03,10,22,41,43|15046246500
19/05/2024|05,19,25,35,37,39|13304746000
17/05/2024|08,22,27,29,39,43|69796747000
15/05/2024|03,11,13,21,24,34|63000355500
12/05/2024|03,05,06,09,32,45|56872464500
10/05/2024|12,13,31,38,42,43|53511343500
08/05/2024|02,10,13,22,30,34|50378948500
05/05/2024|10,12,14,16,21,39|47647657500
03/05/2024|01,13,14,21,27,43|44647657500
01/05/2024|07,09,17,20,25,29|41717518000
28/04/2024|01,13,14,22,23,37|39429278000
26/04/2024|02,03,25,34,35,38|36854769000
24/04/2024|07,21,30,33,38,39|33913442500
21/04/2024|07,21,36,38,40,45|31115578500
19/04/2024|02,03,20,21,32,33|28496335000
17/04/2024|09,16,26,27,32,41|25900366000
14/04/2024|07,12,16,29,42,45|23427026500
12/04/2024|06,17,18,26,43,45|21014657500
10/04/2024|02,10,30,33,34,40|18500289500
07/04/2024|03,11,15,17,24,35|15945247500
05/04/2024|14,18,22,29,36,37|13802587000
03/04/2024|07,11,14,22,29,34|15715733000
31/03/2024|05,12,13,17,40,41|13833689000
29/03/2024|04,07,25,34,35,38|24266327500
27/03/2024|06,29,31,35,42,44|21920780500
24/03/2024|01,14,22,28,32,42|19560299000
22/03/2024|05,06,11,20,24,45|17383898500
20/03/2024|08,14,26,28,43,45|15554264500
17/03/2024|01,03,05,26,30,42|13712050500
15/03/2024|09,11,16,29,31,33|25152452500
13/03/2024|01,13,25,30,34,40|23424929500
10/03/2024|04,12,19,23,36,41|20891137000
08/03/2024|02,26,28,40,41,45|19076425000
06/03/2024|11,15,34,39,41,43|16998337500
03/03/2024|03,10,17,20,22,27|15089165000
01/03/2024|20,22,24,26,28,37|13505728500
28/02/2024|01,10,21,25,32,39|13552229000
25/02/2024|05,07,10,12,15,26|13116681000
23/02/2024|04,17,19,27,28,36|55896580500
21/02/2024|02,08,14,19,24,42|50440757500
18/02/2024|05,19,20,21,24,40|45166929000
16/02/2024|06,10,16,20,40,42|40113943000
14/02/2024|08,09,11,12,40,44|35490259000
11/02/2024|07,18,31,33,35,41|ChoThongKe
07/02/2024|17,21,24,25,39,42|26679187500
04/02/2024|09,15,21,29,33,39|23589111000
02/02/2024|01,15,29,31,32,34|21772445000
31/01/2024|09,11,15,35,38,41|19563269500
28/01/2024|03,23,25,29,36,41|17814565000
26/01/2024|08,19,22,27,31,35|16171568000
24/01/2024|07,27,30,36,39,45|14729627500
21/01/2024|11,20,22,23,26,31|13390683500
19/01/2024|08,15,20,24,43,44|48351151000
17/01/2024|14,19,21,36,43,44|43773001000
14/01/2024|02,08,19,20,24,42|39228755000
12/01/2024|10,11,20,27,39,43|35243823000
10/01/2024|10,12,18,19,29,43|31561758500
07/01/2024|03,04,15,18,36,45|27818430500
05/01/2024|09,16,29,31,33,42|24663684500
03/01/2024|09,14,19,20,29,40|22767710000
31/12/2023|13,14,23,25,34,44|21072294500
29/12/2023|16,20,22,35,37,39|19275775000
27/12/2023|08,16,23,34,36,39|17680939500
24/12/2023|01,02,05,24,40,43|16190373500
22/12/2023|02,12,14,16,34,38|14542048500
20/12/2023|05,15,16,21,22,32|13317089500
17/12/2023|03,07,18,20,31,33|32398072500
15/12/2023|01,05,10,11,20,40|28627080000
13/12/2023|03,07,11,20,28,44|25402013000
10/12/2023|09,10,11,17,41,44|23299498500
08/12/2023|11,15,16,17,42,43|21503268500
06/12/2023|18,19,20,29,41,42|19757570500
03/12/2023|12,14,16,21,29,32|17845608000
01/12/2023|05,10,14,21,27,32|16300633500
29/11/2023|09,22,24,32,38,39|14760004000
26/11/2023|04,06,15,23,25,36|13191038000
24/11/2023|05,18,22,34,41,45|96243094000
22/11/2023|15,18,20,23,37,39|87610138500
19/11/2023|01,03,19,20,26,34|79611327000
17/11/2023|16,20,25,26,36,41|71959468000
15/11/2023|02,03,12,16,30,37|64531119500
12/11/2023|02,04,10,15,27,31|57741013000
10/11/2023|01,04,10,13,14,44|52013662000
08/11/2023|07,20,23,27,31,33|46370024000
05/11/2023|01,13,16,18,23,25|41347137000
03/11/2023|02,07,09,13,22,38|36816190500
01/11/2023|01,03,15,16,23,28|34834282500
29/10/2023|05,07,15,21,32,45|32603524000
27/10/2023|07,10,14,21,26,37|30339644500
25/10/2023|04,06,13,25,31,41|28509002000
22/10/2023|10,13,14,19,35,40|26107271500
20/10/2023|04,16,21,24,26,37|24166305500
18/10/2023|02,07,18,20,24,29|22112806000
15/10/2023|04,05,09,27,34,39|20172156000
13/10/2023|01,11,16,39,40,45|18683183000
11/10/2023|05,10,30,40,44,45|17304235500
08/10/2023|04,16,22,28,33,39|15968955500
06/10/2023|18,19,24,28,33,40|14611984000
04/10/2023|07,17,21,32,40,45|13094802500
01/10/2023|02,11,13,16,41,43|13646085500
29/09/2023|02,08,24,27,30,43|13077534000
27/09/2023|03,12,22,30,37,39|37479466500
24/09/2023|04,08,23,27,30,36|35790940500
22/09/2023|02,16,17,18,20,23|34126014500
20/09/2023|03,06,20,39,40,41|32375490000
17/09/2023|06,10,15,36,39,43|30649643500
15/09/2023|02,03,05,07,10,38|29109343500
13/09/2023|02,04,07,09,12,13|27497610500
10/09/2023|04,05,10,18,27,40|26272334000
08/09/2023|06,08,14,29,39,42|24718436500
06/09/2023|03,04,12,18,19,29|23348795000
03/09/2023|01,33,38,39,44,45|22006990500
01/09/2023|09,14,16,19,28,41|20706940500
30/08/2023|13,17,20,28,30,33|19335329000
27/08/2023|24,27,30,37,44,45|17754370000
25/08/2023|08,18,30,32,38,45|16395939500
23/08/2023|05,14,18,19,29,31|14916257500
20/08/2023|07,08,22,23,30,42|13295078500
18/08/2023|12,19,21,22,34,38|14818425000
16/08/2023|05,07,25,31,39,41|13359965500
13/08/2023|09,15,23,33,35,40|20257762000
11/08/2023|16,21,26,29,30,45|18455034500
09/08/2023|18,22,30,31,39,41|16571524500
06/08/2023|04,15,19,25,30,38|14785414000
04/08/2023|02,12,22,38,41,44|13278988000
02/08/2023|04,21,27,38,39,44|40017756500
30/07/2023|03,17,23,33,42,45|35508728000
28/07/2023|07,27,28,30,31,35|31497747500
26/07/2023|04,13,18,21,29,37|27710756500
23/07/2023|14,17,23,32,33,43|24294014000
21/07/2023|09,20,31,33,36,45|22442762000
19/07/2023|06,10,19,37,43,45|20583141500
16/07/2023|01,07,16,18,21,29|19016179500
14/07/2023|04,05,13,19,27,37|17548985500
12/07/2023|19,24,27,31,33,43|16100659000
09/07/2023|14,16,27,28,33,41|14604632000
07/07/2023|05,09,12,20,37,42|13189469000
05/07/2023|01,12,24,27,36,44|39273525000
02/07/2023|03,05,08,17,37,41|35467876000
30/06/2023|02,05,20,23,31,38|33208130500
28/06/2023|04,08,24,31,42,45|31243389000
25/06/2023|04,06,07,25,26,30|28708833500
23/06/2023|10,14,15,20,24,45|26655630500
21/06/2023|07,13,19,35,37,38|24773674000
18/06/2023|03,04,08,18,21,33|23071734000
16/06/2023|24,26,32,37,38,41|21207310000
14/06/2023|02,28,31,37,41,44|19452645000
11/06/2023|05,18,22,40,41,44|17836752000
09/06/2023|15,16,23,25,40,41|16259386500
07/06/2023|01,07,14,16,34,44|14678190500
04/06/2023|03,15,19,35,36,43|13233555500
02/06/2023|03,11,14,19,21,43|15897330000
31/05/2023|04,09,10,22,41,44|14537298000
28/05/2023|06,13,19,20,37,44|13230312000
26/05/2023|08,10,19,25,35,44|75088880001
24/05/2023|09,11,15,28,33,44|69074823500
21/05/2023|08,10,17,19,24,41|62996443000
19/05/2023|03,09,10,27,35,38|57421891500
17/05/2023|02,06,13,20,28,44|52007827500
14/05/2023|07,08,13,37,42,44|46700646500
12/05/2023|02,06,08,09,15,27|42229126500
10/05/2023|07,08,09,13,15,27|38480580500
07/05/2023|04,30,31,33,35,45|34598123000
05/05/2023|22,28,31,35,36,38|30465327500
03/05/2023|18,23,28,29,39,44|26803933500
30/04/2023|07,09,23,24,33,36|24181232000
28/04/2023|05,11,25,33,42,44|22579217000
26/04/2023|01,04,07,09,34,37|21021341500
23/04/2023|01,02,22,30,37,42|19213526500
21/04/2023|02,04,07,10,20,44|17515644500
19/04/2023|10,27,37,40,42,43|16176335500
16/04/2023|08,17,20,25,33,36|14643306500
14/04/2023|08,16,23,27,32,41|13246272000
12/04/2023|04,07,27,28,32,43|73078715000
09/04/2023|12,15,25,30,34,39|66446394500
07/04/2023|09,14,22,29,39,41|60536720500
05/04/2023|04,08,12,15,19,43|54938892500
02/04/2023|02,24,36,38,42,43|49214478000
31/03/2023|01,09,10,15,30,42|44269078000
29/03/2023|03,06,12,28,29,43|40039098000
26/03/2023|06,16,18,25,34,45|35931924500
24/03/2023|06,14,15,18,24,41|32015387000
22/03/2023|05,08,10,15,17,41|28336399500
19/03/2023|02,07,10,21,28,35|24811119000
17/03/2023|05,07,12,22,26,33|22922875000
15/03/2023|11,19,23,28,34,35|21319497500
12/03/2023|10,28,29,31,33,37|19674351500
10/03/2023|03,05,13,22,36,44|18137132500
08/03/2023|10,13,22,25,28,36|16668406500
05/03/2023|09,11,24,31,36,44|15021254500
03/03/2023|10,22,26,27,33,43|13518471500
01/03/2023|13,14,29,33,38,43|96767240000
26/02/2023|04,09,16,26,28,42|87754341500
24/02/2023|01,10,16,22,35,44|79907120500
22/02/2023|08,16,22,23,28,38|72458330000
19/02/2023|02,20,22,28,29,38|65155827000
17/02/2023|01,05,10,13,23,25|58862337500
15/02/2023|01,02,08,20,24,31|52573149000
12/02/2023|03,05,11,23,24,42|46539623000
10/02/2023|01,11,23,27,33,39|41745505000
08/02/2023|06,18,20,22,26,34|37143174500
05/02/2023|13,15,23,29,31,34|32791181500
03/02/2023|04,11,16,30,33,43|28986447000
01/02/2023|16,21,27,29,34,44|25270714500
29/01/2023|05,21,26,27,32,33|22873004500
27/01/2023|10,13,21,29,41,43|20897525000
25/01/2023|12,14,18,22,28,31|18900382500
20/01/2023|03,07,13,29,32,44|17047650000
15/01/2023|08,09,15,21,26,45|14962713000
13/01/2023|03,11,14,20,26,42|13505185000
11/01/2023|01,18,22,33,34,43|58214087500
08/01/2023|11,29,32,39,40,43|52449684000
06/01/2023|02,07,16,25,35,38|47263059500
04/01/2023|03,05,07,37,39,42|42607722500
01/01/2023|16,20,26,30,32,40|38125966500
30/12/2022|03,24,31,35,39,42|35588379500
28/12/2022|04,05,10,21,33,37|33302021500
25/12/2022|15,17,21,28,37,43|30681148000
23/12/2022|02,14,21,22,35,43|28424712500
21/12/2022|08,12,20,26,35,37|26018721000
18/12/2022|02,12,13,33,36,42|23854749000
16/12/2022|06,19,22,26,38,39|21908289000
14/12/2022|13,29,35,37,38,41|20043738500
11/12/2022|09,11,16,17,22,33|17974244000
09/12/2022|04,23,25,30,40,41|16429073500
07/12/2022|08,11,19,24,26,42|14667783000
04/12/2022|04,05,07,09,27,39|13282007000
02/12/2022|02,18,21,24,38,44|16514716500
30/11/2022|07,15,20,25,32,37|14921807000
27/11/2022|01,26,27,35,36,43|13440836000
25/11/2022|14,20,24,30,35,41|20737613500
23/11/2022|04,13,15,20,37,38|18822931500
20/11/2022|01,04,14,22,24,40|16973364000
18/11/2022|15,16,22,25,29,33|15234059500
16/11/2022|02,03,12,32,35,44|13531338500
13/11/2022|03,04,27,32,40,43|72397323000
11/11/2022|02,03,09,15,17,43|65752184000
09/11/2022|07,09,16,20,30,32|59325037000
06/11/2022|08,10,12,14,17,31|53746736500
04/11/2022|09,13,16,24,33,45|48556175000
02/11/2022|02,17,23,27,37,42|43928011000
30/10/2022|15,27,31,36,38,41|39364640500
28/10/2022|16,21,22,33,42,45|35108565500
26/10/2022|02,03,10,15,31,36|31027945500
23/10/2022|02,11,18,33,36,45|28053087500
21/10/2022|10,16,17,18,34,42|26156971000
19/10/2022|01,03,07,10,21,29|24040873500
16/10/2022|02,05,19,26,38,40|22314157500
14/10/2022|01,06,22,25,30,34|20562119000
12/10/2022|01,07,13,16,27,35|18611883000
09/10/2022|13,15,20,25,35,43|16803160500
07/10/2022|18,20,29,34,36,38|15061056500
05/10/2022|09,18,23,24,29,34|13427711000
02/10/2022|03,17,28,30,31,32|21270243500
30/09/2022|04,11,19,20,35,41|19422090500
28/09/2022|04,05,07,24,27,30|17875801500
25/09/2022|03,05,08,31,33,34|16272183500
23/09/2022|01,12,21,28,30,44|14840078500
21/09/2022|05,10,14,25,42,45|13397869000
18/09/2022|03,05,10,17,25,29|43132025000
16/09/2022|02,26,35,41,42,43|39062754000
14/09/2022|03,12,15,20,24,45|34942394000
11/09/2022|04,15,20,31,43,44|30720902000
09/09/2022|04,06,13,14,28,39|27126697500
07/09/2022|08,09,10,20,35,38|24136566500
04/09/2022|05,17,19,27,35,39|22380171500
02/09/2022|02,03,14,21,31,33|21055715000
31/08/2022|04,10,28,29,31,34|19404163000
28/08/2022|08,16,31,37,39,41|17727644000
26/08/2022|03,30,31,32,36,45|16154250500
24/08/2022|12,20,21,23,27,34|14664625000
21/08/2022|05,19,21,23,28,36|13332771500
19/08/2022|25,26,33,39,41,43|48127997000
17/08/2022|23,29,35,37,39,45|44200260000
14/08/2022|09,13,21,24,34,35|39833936500
12/08/2022|05,07,16,20,36,41|35660319500
10/08/2022|04,08,10,15,26,31|32328305000
07/08/2022|06,09,10,13,24,27|30408294000
05/08/2022|10,13,14,32,37,42|28638819500
03/08/2022|05,14,30,36,38,42|26577005500
31/07/2022|03,08,15,16,40,42|24608526000
29/07/2022|05,07,11,20,31,37|22900672000
27/07/2022|09,15,18,22,32,41|21311501500
24/07/2022|04,11,17,29,30,44|19644682500
22/07/2022|04,10,18,22,31,37|17983538500
20/07/2022|05,06,20,22,26,39|16450587000
17/07/2022|07,13,20,23,27,29|15129926500
15/07/2022|04,30,35,39,42,43|13568382000
13/07/2022|04,09,21,28,35,37|16263765000
10/07/2022|12,23,29,36,37,41|14744806000
08/07/2022|06,07,12,18,21,43|13152583000
06/07/2022|04,12,14,15,41,42|66844435000
03/07/2022|08,14,17,20,21,40|60754135000
01/07/2022|17,26,30,31,33,39|55416491000
29/06/2022|01,19,20,27,30,32|50036747000
26/06/2022|03,07,08,18,27,36|44984697500
24/06/2022|07,16,18,32,34,44|40655214000
22/06/2022|03,20,23,30,33,35|36830904000
19/06/2022|01,24,25,31,39,40|32798069000
17/06/2022|05,08,26,29,35,44|28961809500
15/06/2022|01,06,12,20,36,39|25773380500
12/06/2022|06,14,19,22,40,42|23453316000
10/06/2022|10,23,25,26,30,41|21682925500
08/06/2022|02,10,13,15,22,36|19988694000
05/06/2022|06,08,21,28,30,35|18393789500
03/06/2022|05,08,34,38,39,41|16907266000
01/06/2022|06,10,21,23,28,39|15582586500
29/05/2022|02,06,19,24,30,42|14256983000
27/05/2022|16,21,23,27,35,41|13079045500
25/05/2022|19,26,27,39,44,45|37336878000
22/05/2022|01,07,10,24,33,40|33635682500
20/05/2022|12,17,34,39,44,45|30055438000
18/05/2022|03,17,23,37,40,42|26804142000
15/05/2022|05,20,21,31,34,37|24169204000
13/05/2022|07,08,18,29,41,44|22293891500
11/05/2022|02,06,07,18,34,41|20622299500
08/05/2022|04,12,20,25,35,37|19023068000
06/05/2022|01,03,15,16,34,43|17465051000
04/05/2022|01,04,23,28,33,38|15915138500
01/05/2022|08,21,26,35,37,42|14476477000
29/04/2022|05,12,16,25,26,32|13161021000
27/04/2022|03,09,14,17,27,32|36546933000
24/04/2022|09,12,23,30,32,40|32384289000
22/04/2022|11,13,15,18,24,36|28476669500
20/04/2022|01,08,17,21,27,37|26148270500
17/04/2022|05,13,15,28,38,40|24256968000
15/04/2022|09,18,21,25,35,44|22501089500
13/04/2022|01,07,20,25,40,41|20906620000
10/04/2022|04,17,28,30,38,42|19102705000
08/04/2022|02,13,16,19,20,36|17611855000
06/04/2022|13,17,19,25,32,45|16086020000
03/04/2022|05,11,20,26,40,43|14573466500
01/04/2022|02,19,25,32,41,44|13219566000
30/03/2022|01,12,26,28,39,45|22422244500
27/03/2022|08,17,21,39,44,45|20912630500
25/03/2022|01,12,13,27,29,35|19431284000
23/03/2022|02,09,37,38,40,43|17867079000
20/03/2022|01,09,10,12,22,44|16182991000
18/03/2022|06,10,15,29,41,42|14843907500
16/03/2022|10,11,14,24,31,45|13414721000
13/03/2022|01,05,19,20,23,38|36253032000
11/03/2022|06,20,23,29,34,45|32340443500
09/03/2022|03,15,35,39,40,43|28814538500
06/03/2022|11,16,21,33,34,42|25072243500
04/03/2022|03,19,21,24,27,38|23151086500
02/03/2022|07,10,13,20,21,34|21457475500
27/02/2022|10,20,25,27,38,45|19617776000
25/02/2022|10,13,30,33,39,41|18128463500
23/02/2022|02,16,18,19,24,29|16542911000
20/02/2022|04,06,16,30,43,44|14939869500
18/02/2022|03,14,20,26,28,36|13446070000
16/02/2022|02,05,08,16,22,42|43057471000
13/02/2022|14,21,22,24,28,45|38734645000
11/02/2022|10,11,19,38,41,44|36100164000
09/02/2022|03,20,27,37,44,45|34007667500
06/02/2022|05,09,21,24,34,39|31614479500
04/02/2022|11,16,18,38,40,43|29607165500
02/02/2022|05,06,14,20,31,38|27709922500
30/01/2022|01,07,22,26,28,41|25769631000
28/01/2022|04,06,12,26,27,39|23684465000
26/01/2022|05,11,15,18,27,43|21964946000
23/01/2022|13,20,24,32,34,40|20275298500
21/01/2022|01,13,17,24,27,42|18432653000
19/01/2022|14,21,25,34,37,39|16793959500
16/01/2022|01,03,04,05,32,33|15005629500
14/01/2022|05,14,27,30,38,45|13303467000
12/01/2022|03,06,13,15,36,44|23657658500
09/01/2022|06,07,11,22,35,41|21975994000
07/01/2022|10,13,24,28,38,44|20272931500
05/01/2022|01,03,08,09,35,40|18547498500
02/01/2022|11,17,30,36,41,45|16699523500
31/12/2021|02,05,12,33,41,45|15087497500
29/12/2021|05,27,33,34,38,40|13578555500
26/12/2021|04,11,16,24,35,44|16762864500
24/12/2021|03,17,25,26,36,38|15138833000
22/12/2021|08,16,17,23,28,38|13485049000
19/12/2021|12,15,24,30,36,45|20636521000
17/12/2021|08,15,16,21,25,33|18887000500
15/12/2021|03,18,29,30,39,41|17097562500
12/12/2021|16,21,29,40,41,43|15281516500
10/12/2021|01,04,17,19,24,42|13578476000
08/12/2021|02,03,16,19,22,34|98295409000
05/12/2021|03,05,06,31,34,35|90627189000
03/12/2021|10,14,29,37,38,40|83634807000
01/12/2021|08,09,30,31,38,45|77215625000
28/11/2021|13,17,26,27,31,37|71075874500
26/11/2021|04,18,25,29,32,34|65028430500
24/11/2021|02,10,18,23,34,36|59369630000
21/11/2021|01,12,29,40,44,45|53981901500
19/11/2021|09,10,26,28,39,43|49093217500
17/11/2021|04,15,25,26,32,35|44760096500
14/11/2021|03,05,18,28,42,43|40056685000
12/11/2021|11,14,18,24,35,37|35913676000
10/11/2021|17,18,19,20,27,44|32121468500
07/11/2021|05,20,24,25,35,36|28473605000
05/11/2021|10,16,36,40,41,42|24823862000
03/11/2021|03,13,15,23,24,44|23137555500
31/10/2021|09,14,17,18,36,41|21433245500
29/10/2021|17,19,22,31,32,34|19914830000
27/10/2021|13,17,26,29,33,39|18378377000
24/10/2021|06,29,31,32,39,44|17106173500
22/10/2021|03,05,06,09,28,43|15801269000
20/10/2021|05,09,33,40,41,45|14504128500
17/10/2021|04,12,21,22,27,40|13176319000
15/10/2021|05,13,17,20,29,45|30980331000
13/10/2021|20,34,37,39,41,42|27804912500
10/10/2021|03,25,26,29,40,42|24429731000
08/10/2021|04,13,18,23,33,43|22803507000
06/10/2021|09,11,15,20,32,36|21685002000
03/10/2021|06,12,28,30,39,42|20403874500
01/10/2021|11,15,17,27,28,45|19241396000
29/09/2021|06,15,16,27,36,42|18375874000
26/09/2021|13,27,34,35,36,41|17252470500
24/09/2021|01,04,07,14,16,41|16086062000
22/09/2021|05,10,19,22,36,45|15141186500
19/09/2021|06,24,28,31,36,43|14451502500
17/09/2021|06,10,15,37,39,44|13530158500
15/09/2021|11,14,17,24,29,35|12731541500
12/09/2021|04,08,21,29,33,45|28279182500
10/09/2021|10,16,22,36,43,44|26526202500
08/09/2021|04,18,28,32,36,40|24753445000
05/09/2021|15,18,25,27,29,34|23703678500
03/09/2021|06,11,18,23,32,44|22852645000
01/09/2021|06,13,33,34,40,45|22155215500
29/08/2021|01,18,21,25,27,35|21293308500
27/08/2021|04,10,11,15,24,37|20426007500
25/08/2021|01,03,05,17,22,33|19773149500
22/08/2021|06,07,18,25,40,43|19055917000
20/08/2021|04,08,17,27,32,36|18472892000
18/08/2021|10,16,19,27,28,36|17869440500
23/07/2021|19,26,31,33,41,42|17106759000
21/07/2021|08,10,12,29,34,37|16087964500
18/07/2021|03,08,19,21,25,36|15017833500
16/07/2021|01,09,18,26,41,45|13992056500
14/07/2021|04,11,22,29,37,43|13052822500
11/07/2021|02,08,15,17,19,30|35050968000
09/07/2021|04,09,17,18,28,32|32309994000
07/07/2021|01,06,13,30,34,43|30668735000
04/07/2021|03,14,15,21,26,37|28743212000
02/07/2021|01,14,15,18,32,45|27110872500
30/06/2021|02,05,06,08,10,32|25400284500
27/06/2021|05,10,29,37,42,44|23704232000
25/06/2021|03,05,06,23,24,39|22185507500
23/06/2021|04,07,20,28,33,41|20526628000
20/06/2021|10,24,27,42,43,45|18982427000
18/06/2021|10,11,28,29,40,42|17563534000
16/06/2021|11,19,24,28,31,39|16164413000
13/06/2021|03,10,12,13,36,44|14815632000
11/06/2021|08,12,13,14,32,40|13438632000
09/06/2021|02,07,18,20,24,36|29292855500
06/06/2021|05,07,10,13,14,42|27467427500
04/06/2021|19,24,31,32,35,36|25695873500
02/06/2021|10,20,22,26,31,42|23915617500
30/05/2021|07,10,19,30,40,45|22221494500
28/05/2021|02,15,33,41,44,45|20863349000
26/05/2021|01,10,22,36,38,45|19252692500
23/05/2021|11,14,22,26,29,44|17658371500
21/05/2021|04,28,37,38,40,42|16169239000
19/05/2021|03,12,23,29,33,34|14639616500
16/05/2021|13,23,33,37,40,43|13202141000
14/05/2021|03,11,16,20,24,30|13242112000
12/05/2021|09,15,22,27,34,42|70068418000
09/05/2021|01,07,16,24,27,37|63700477500
07/05/2021|10,20,21,27,33,34|58038778500
05/05/2021|03,14,20,22,37,44|52338709000
02/05/2021|07,08,30,35,40,44|47209898500
30/04/2021|03,04,20,21,36,41|42764126500
28/04/2021|21,39,40,41,43,45|38903466000
25/04/2021|08,19,21,28,32,44|34931499000
23/04/2021|13,16,18,22,34,39|31264325500
21/04/2021|03,12,19,27,32,35|27861050500
18/04/2021|07,09,15,23,26,27|26021983000
16/04/2021|08,09,11,28,30,39|24454960500
14/04/2021|11,12,16,18,33,35|22996078000
11/04/2021|03,23,27,32,34,39|21251858000
09/04/2021|03,04,08,17,19,37|19524873000
07/04/2021|13,15,19,25,33,34|18118581500
04/04/2021|05,20,27,30,38,43|16652715000
02/04/2021|01,05,09,16,42,44|15060673000
31/03/2021|02,04,06,36,41,42|13536495500
28/03/2021|23,26,40,41,43,44|23503378500
26/03/2021|02,11,15,18,23,42|21504845500
24/03/2021|07,14,23,26,37,39|19644598000
21/03/2021|08,09,11,31,36,39|17995687000
19/03/2021|05,06,24,34,36,37|16456035000
17/03/2021|06,11,26,28,36,41|14817761000
14/03/2021|01,09,11,32,34,42|13364217000
12/03/2021|05,11,17,34,38,42|40180868000
10/03/2021|05,14,15,19,25,33|37799084500
07/03/2021|04,12,25,28,33,45|35534020000
05/03/2021|09,11,13,21,27,41|33427077500
03/03/2021|01,20,28,37,40,44|31633445000
28/02/2021|04,05,25,28,29,42|29467504000
26/02/2021|11,13,19,27,37,41|27697196500
24/02/2021|02,13,19,33,40,43|25868493000
21/02/2021|06,07,22,24,27,37|23887950500
19/02/2021|12,19,22,23,34,44|21767678000
17/02/2021|03,18,21,22,36,44|20047161500
14/02/2021|03,13,18,21,39,44|18057569500
10/02/2021|08,13,18,19,21,24|16640737500
07/02/2021|01,04,07,15,41,42|14949740500
05/02/2021|02,08,31,32,42,44|13433505000
03/02/2021|07,09,14,23,35,41|24820198500
31/01/2021|04,06,07,11,34,41|23187996000
29/01/2021|06,07,08,29,35,39|21357120500
27/01/2021|01,07,11,28,41,44|19736887000
24/01/2021|08,09,23,25,31,32|17985612000
22/01/2021|01,06,07,20,28,43|16469103000
20/01/2021|07,20,29,30,40,45|14904372000
17/01/2021|04,05,32,39,40,42|13432888000
15/01/2021|04,06,10,13,26,43|13284139000
13/01/2021|19,20,21,28,33,41|19778012000
10/01/2021|10,11,22,32,38,43|18016946500
08/01/2021|08,19,22,25,32,35|16509836500
06/01/2021|22,27,30,35,40,45|15043389000
03/01/2021|04,31,34,36,40,43|13599620500
01/01/2021|10,16,24,26,30,32|100379870000
30/12/2020|01,13,20,26,35,37|93092703500
27/12/2020|03,11,17,19,34,39|85542628500
25/12/2020|06,12,15,22,33,39|79257983500
23/12/2020|07,11,17,31,35,40|73587193000
20/12/2020|15,18,28,30,34,44|67862170500
18/12/2020|04,09,14,23,32,38|62918148000
16/12/2020|10,11,22,27,36,41|58449750000
13/12/2020|10,12,20,36,41,44|53778716000
11/12/2020|23,24,25,35,37,39|49475568500
09/12/2020|16,24,27,31,36,43|45377214000
06/12/2020|11,21,24,27,29,37|41344297000
04/12/2020|03,05,33,37,41,43|37621514500
02/12/2020|04,05,07,10,25,39|34216388000
29/11/2020|06,07,14,18,37,43|32487853000
27/11/2020|01,09,12,13,37,43|30862326500
25/11/2020|01,05,07,08,25,40|29360095000
22/11/2020|09,16,17,24,32,40|27655191500
20/11/2020|02,17,24,29,31,37|26126425000
18/11/2020|18,19,21,31,39,44|24618929000
15/11/2020|14,16,21,29,40,41|23148689500
13/11/2020|08,22,23,33,34,36|21632894500
11/11/2020|04,10,12,17,20,35|20122882500
08/11/2020|03,12,14,16,23,33|18724109500
06/11/2020|19,24,30,32,36,37|17496992000
04/11/2020|03,08,11,13,26,38|16175474000
01/11/2020|06,21,27,30,32,44|15227119000
30/10/2020|04,05,14,18,23,43|14044809000
28/10/2020|01,04,07,15,35,45|13017582500
25/10/2020|11,19,30,38,41,45|15469693500
23/10/2020|05,10,16,23,34,45|14262597000
21/10/2020|04,11,26,36,38,41|13214173000
18/10/2020|01,14,25,26,30,40|24736948000
16/10/2020|04,14,16,23,24,27|23175596500
14/10/2020|04,07,23,32,43,44|21714617500
11/10/2020|12,18,28,31,40,45|20556242500
09/10/2020|15,19,23,30,33,39|19233191500
07/10/2020|13,15,25,26,28,34|17933889000
04/10/2020|09,16,19,25,26,39|16586431000
02/10/2020|09,11,21,31,32,37|15499943500
30/09/2020|02,05,31,32,42,44|14253385000
27/09/2020|01,12,26,31,37,38|13062466000
25/09/2020|14,20,22,35,44,45|39137122000
23/09/2020|02,08,17,23,30,41|35907292500
20/09/2020|05,07,09,13,15,16|32667127000
18/09/2020|10,19,21,23,27,33|31378564000
16/09/2020|05,20,29,30,38,40|29847296500
13/09/2020|20,23,28,37,40,44|28258554000
11/09/2020|04,11,13,16,17,33|26560368000
09/09/2020|19,21,34,35,36,39|25062356000
06/09/2020|01,06,19,29,31,44|23500560000
04/09/2020|07,16,20,30,40,41|22097628000
02/09/2020|08,10,14,16,18,24|20638279000
30/08/2020|06,08,18,19,29,33|19318430000
28/08/2020|10,11,14,23,27,37|18106010500
26/08/2020|02,18,24,28,35,42|16963660000
23/08/2020|10,14,19,25,36,39|15667908000
21/08/2020|07,08,26,30,37,43|14448262000
19/08/2020|07,20,36,37,43,45|13211329500
16/08/2020|02,05,06,20,33,39|17198203500
14/08/2020|09,18,21,24,34,41|15762353000
12/08/2020|07,21,34,38,43,44|14457721000
09/08/2020|11,13,14,43,44,45|13221947500
07/08/2020|17,26,35,40,43,44|70360287500
05/08/2020|14,18,19,32,33,38|65070796000
02/08/2020|06,09,12,17,41,42|60108410500
31/07/2020|04,09,19,29,36,41|55804881000
29/07/2020|06,14,26,41,42,43|51471624500
26/07/2020|05,15,21,39,43,45|47551547500
24/07/2020|04,25,31,35,39,41|44043448000
22/07/2020|09,13,18,24,26,42|40417844000
19/07/2020|01,13,14,19,42,45|36823607000
17/07/2020|04,10,18,20,32,45|33354961500
15/07/2020|10,11,18,19,20,45|30337936500
12/07/2020|02,15,21,27,31,35|27309454000
10/07/2020|18,20,22,33,35,39|24662886500
08/07/2020|14,15,17,21,31,38|23096788500
05/07/2020|05,08,10,17,22,31|21412184000
03/07/2020|04,05,17,18,22,36|19920010500
01/07/2020|10,13,14,26,32,33|18717334500
28/06/2020|04,15,24,36,37,41|17173729000
26/06/2020|09,23,27,30,38,41|15917912500
24/06/2020|07,17,18,32,39,40|14614719000
21/06/2020|07,09,13,33,40,44|13220130500
19/06/2020|04,12,17,19,32,45|91368222000
17/06/2020|07,16,28,33,34,45|84946818500
14/06/2020|19,22,24,41,44,45|78571404000
12/06/2020|05,16,22,27,30,31|73475094000
10/06/2020|02,11,23,25,26,35|68049543000
07/06/2020|06,07,11,16,23,44|62815156500
05/06/2020|10,13,22,28,38,43|58798582000
03/06/2020|01,15,17,19,40,43|54279268000
31/05/2020|01,06,13,27,35,40|49640083000
29/05/2020|04,10,23,26,35,37|45537563500
27/05/2020|06,15,29,30,37,42|41676491500
24/05/2020|01,29,30,32,34,35|37678580500
22/05/2020|03,08,19,28,35,41|33938516000
20/05/2020|01,08,15,23,25,39|32194354500
17/05/2020|02,04,21,30,33,37|30660959000
15/05/2020|03,12,13,28,33,36|28926318500
13/05/2020|06,20,21,35,40,45|27388276500
10/05/2020|07,09,23,32,33,37|25796746500
08/05/2020|01,03,07,12,22,25|24151984500
06/05/2020|03,18,25,29,30,44|22721676000
03/05/2020|05,18,29,32,38,44|21141122000
01/05/2020|06,07,16,37,40,44|19664130500
29/04/2020|01,08,11,13,15,32|18366851000
26/04/2020|05,25,30,36,37,41|16901292000
24/04/2020|10,31,37,39,40,43|15554413500
29/03/2020|07,10,23,36,39,44|14287347500
27/03/2020|01,06,10,35,36,45|13089171500
25/03/2020|26,31,33,37,38,45|15800249000
22/03/2020|02,10,19,22,24,29|14394846500
20/03/2020|08,23,29,37,39,44|13176623000
18/03/2020|06,21,30,37,38,45|62684211000
15/03/2020|04,07,11,17,19,31|57959783500
13/03/2020|08,13,20,28,35,45|53983116000
11/03/2020|12,16,29,35,37,44|50186438500
08/03/2020|03,13,17,19,21,43|46265120000
06/03/2020|06,09,10,16,26,42|42660497500
04/03/2020|01,07,17,24,35,41|39345173500
01/03/2020|01,06,07,13,26,39|36055064000
28/02/2020|02,19,23,27,29,38|32941839000
26/02/2020|02,10,12,20,24,39|29761306500
23/02/2020|01,06,16,23,34,42|26980902000
21/02/2020|13,15,22,28,29,41|24507303500
19/02/2020|01,16,23,25,30,38|22971905500
16/02/2020|01,04,14,36,37,41|21451490000
14/02/2020|04,14,24,32,36,43|19896006000
12/02/2020|05,13,16,20,24,35|18686469000
09/02/2020|01,04,18,22,26,35|17272512500
07/02/2020|06,11,15,33,40,44|15894979500
05/02/2020|09,19,24,37,38,45|14716702500
02/02/2020|01,04,16,32,35,38|13410590500
31/01/2020|08,09,20,25,30,40|39393760000
29/01/2020|03,10,16,24,39,44|35767812500
26/01/2020|04,05,09,25,33,37|32663745000
22/01/2020|01,15,16,34,36,42|29298454500
19/01/2020|01,04,19,25,35,39|25510108000
17/01/2020|08,26,28,37,40,42|23200768000
15/01/2020|02,08,19,31,38,44|21510758000
12/01/2020|07,12,17,21,35,45|19872112500
10/01/2020|10,18,24,35,41,43|18509904500
08/01/2020|02,04,10,21,25,43|17008985000
05/01/2020|05,11,12,26,44,45|15550849500
03/01/2020|01,15,17,26,32,44|14655615000
01/01/2020|08,10,23,26,37,38|13312067500
29/12/2019|07,12,21,24,35,43|57045118500
27/12/2019|02,07,10,12,33,43|52865508000
25/12/2019|10,18,25,26,36,43|48452999500
22/12/2019|09,10,11,18,22,36|44243846500
20/12/2019|01,09,16,27,38,45|40443194000
18/12/2019|08,09,12,19,22,25|37173295000
15/12/2019|03,13,15,16,22,36|35603542000
13/12/2019|02,08,09,25,26,40|33790460500
11/12/2019|01,02,08,27,29,39|32090856500
08/12/2019|12,20,30,31,34,44|30329123500
06/12/2019|02,20,26,35,43,45|28546624000
04/12/2019|16,19,24,30,32,35|26950480500
01/12/2019|03,14,16,27,31,35|25377089500
29/11/2019|14,15,16,17,19,34|23737598500
27/11/2019|03,05,13,19,20,33|22213329000
24/11/2019|05,21,24,28,29,34|20885667500
22/11/2019|01,09,10,19,30,38|19423681500
20/11/2019|10,21,22,24,43,44|18300224000
17/11/2019|06,07,14,31,39,44|16908131500
15/11/2019|02,13,27,33,40,41|15604919500
13/11/2019|17,19,24,30,31,40|14424595500
10/11/2019|04,14,21,28,32,36|13211095000
08/11/2019|04,16,19,30,32,44|13105822000
06/11/2019|03,15,22,23,38,43|25973365000
03/11/2019|28,30,32,38,44,45|24662089000
01/11/2019|06,11,20,30,37,40|23289402000
30/10/2019|02,05,08,12,29,38|21917627500
27/10/2019|01,19,29,30,40,42|20715497000
25/10/2019|04,07,09,22,32,37|19294833000
23/10/2019|02,09,21,23,32,41|18002864000
20/10/2019|01,03,08,15,38,40|16793980000
18/10/2019|04,14,15,22,28,39|15557260500
16/10/2019|01,04,23,28,41,42|14327867000
13/10/2019|06,22,28,31,37,40|13134526000
11/10/2019|06,12,14,27,28,36|22740613000
09/10/2019|03,12,21,24,28,32|21389955500
06/10/2019|01,06,17,30,44,45|20224441000
04/10/2019|02,09,24,25,30,36|18949662000
02/10/2019|02,06,07,25,28,41|17753510000
29/09/2019|02,09,12,18,21,23|16530261500
27/09/2019|06,09,11,28,37,44|15393271500
25/09/2019|09,14,22,26,44,45|14415927500
22/09/2019|03,06,21,36,38,39|13255293000
20/09/2019|07,12,24,29,31,45|99453004500
18/09/2019|03,09,13,17,19,20|94535082000
15/09/2019|08,09,28,33,35,43|89344198000
13/09/2019|02,15,17,25,30,38|84031956000
11/09/2019|21,25,29,32,34,35|78841975000
08/09/2019|06,09,11,26,28,36|73447486500
06/09/2019|02,04,13,15,26,31|69609684500
04/09/2019|01,09,11,23,30,37|65623409000
01/09/2019|05,07,14,16,29,40|61531051000
30/08/2019|05,06,22,23,25,44|57561110500
28/08/2019|01,04,12,14,19,30|53879797500
25/08/2019|07,08,15,20,24,31|50256177000
23/08/2019|06,07,12,17,19,24|46911829000
21/08/2019|06,08,17,20,21,31|43784877000
18/08/2019|02,07,18,21,24,33|40626087000
16/08/2019|06,14,15,19,31,39|37492523500
14/08/2019|13,20,22,24,33,34|34518894000
11/08/2019|01,04,07,09,25,31|31428258500
09/08/2019|11,19,26,28,30,42|28478574500
07/08/2019|01,05,13,31,32,43|26578394000
04/08/2019|06,10,21,30,43,45|25016702000
02/08/2019|11,18,20,22,25,26|23471032000
31/07/2019|06,12,15,19,25,45|22199548000
28/07/2019|05,14,16,24,42,43|21025187500
26/07/2019|05,14,16,22,25,33|19673771500
24/07/2019|20,22,25,39,44,45|18405343500
21/07/2019|07,08,10,24,33,44|17128970000
19/07/2019|09,12,23,26,28,43|16041728500
17/07/2019|10,11,16,22,28,35|15023456000
14/07/2019|02,03,07,25,33,34|14014911500
12/07/2019|16,18,24,26,40,44|12982557500
10/07/2019|01,02,06,07,16,27|29119908000
07/07/2019|02,18,21,23,30,31|27560799500
05/07/2019|19,21,30,31,37,43|25923998500
03/07/2019|02,07,25,29,39,45|24476352500
30/06/2019|05,20,22,25,28,32|23161203000
28/06/2019|11,25,37,40,41,45|21710623500
26/06/2019|01,05,09,10,33,41|20418360500
23/06/2019|03,08,11,27,32,36|19041263000
21/06/2019|01,04,19,21,23,39|17771417500
19/06/2019|02,04,11,15,35,40|16557487500
16/06/2019|06,07,19,29,31,36|15332578500
14/06/2019|02,12,16,36,37,45|14177934500
12/06/2019|10,11,21,23,26,37|13115937000
09/06/2019|02,06,22,25,35,36|34381055000
07/06/2019|11,13,15,26,27,41|32742356500
05/06/2019|04,08,22,25,37,39|31263883000
02/06/2019|02,05,12,35,41,43|29782077000
31/05/2019|05,06,07,12,23,30|28327703000
29/05/2019|12,18,19,27,35,42|26999524500
26/05/2019|11,12,14,23,29,32|25583062000
24/05/2019|02,03,31,33,35,40|24272614500
22/05/2019|01,13,16,22,23,35|22677291500
19/05/2019|02,11,19,27,30,42|21220151500
17/05/2019|06,16,18,29,39,43|19892566500
15/05/2019|17,28,29,33,34,35|18642166500
12/05/2019|01,08,13,17,21,43|17230884500
10/05/2019|05,23,25,30,35,38|15860858500
08/05/2019|01,07,08,31,34,45|14557802000
05/05/2019|13,27,30,38,39,41|13321559500
03/05/2019|01,06,14,31,35,44|20603254000
01/05/2019|18,23,24,27,33,41|19167212000
28/04/2019|04,24,28,30,33,43|17974733000
26/04/2019|01,02,14,15,16,30|16734191500
24/04/2019|04,07,12,13,20,45|15460909500
21/04/2019|08,11,13,20,41,43|14253836000
19/04/2019|01,04,05,12,17,21|13042826000
17/04/2019|07,11,21,25,30,44|13225173500
14/04/2019|04,13,20,34,35,37|44071252500
12/04/2019|03,12,15,16,17,44|40141316500
10/04/2019|07,11,14,30,35,42|36441477000
07/04/2019|08,10,26,28,32,34|32688405500
05/04/2019|02,07,25,36,38,43|29177213000
03/04/2019|04,11,18,33,34,45|26129369500
31/03/2019|03,05,19,28,31,38|24437276000
29/03/2019|02,19,26,27,30,37|22765342000
27/03/2019|09,12,22,24,30,42|21055913000
24/03/2019|05,17,21,27,34,40|19595469000
22/03/2019|01,03,06,13,18,41|18010166000
20/03/2019|02,07,17,24,29,37|16559719000
17/03/2019|05,06,16,18,24,42|15253753500
15/03/2019|05,10,15,19,38,42|14180566000
13/03/2019|05,16,24,26,34,44|13014844500
10/03/2019|05,24,31,32,42,45|24935729000
08/03/2019|04,14,20,27,32,43|23311659500
06/03/2019|02,07,14,24,40,41|21651509000
03/03/2019|01,13,17,20,30,45|20020723000
01/03/2019|15,23,29,31,38,43|18395685000
27/02/2019|05,12,15,16,25,35|16899838500
24/02/2019|01,07,13,23,32,42|15777343000
22/02/2019|07,10,18,25,44,45|14477636500
20/02/2019|01,10,15,24,37,45|13180421500
17/02/2019|11,12,14,25,29,31|21973928500
15/02/2019|03,22,26,27,30,44|20754252000
13/02/2019|05,11,18,33,37,41|19147983000
10/02/2019|01,11,17,25,29,35|17338772000
08/02/2019|11,12,33,36,39,43|15924776500
06/02/2019|22,24,25,30,33,38|14851632000
03/02/2019|01,02,05,09,23,24|13563140000
01/02/2019|03,04,06,38,39,43|75388996000
30/01/2019|01,04,06,13,37,41|70202846500
27/01/2019|09,11,12,22,27,29|64238800500
25/01/2019|11,13,14,22,30,38|59381811000
23/01/2019|02,09,13,29,33,40|54675909000
20/01/2019|08,16,21,31,35,38|49631995000
18/01/2019|12,15,19,38,40,45|45228539500
16/01/2019|01,08,14,24,31,40|41145812500
13/01/2019|01,20,21,23,26,33|37819245500
11/01/2019|19,21,22,23,25,44|35699076500
09/01/2019|17,27,28,30,33,41|33794171000
06/01/2019|09,22,33,34,35,44|31809761500
04/01/2019|01,08,14,16,19,22|29906609000
02/01/2019|04,14,32,35,36,40|28121934500
30/12/2018|10,19,31,35,42,44|26321218500
28/12/2018|03,22,24,25,31,37|24652572000
26/12/2018|21,28,34,35,41,44|23123394000
23/12/2018|01,03,10,11,16,44|21428428500
21/12/2018|01,07,16,27,29,34|19992770500
19/12/2018|02,10,11,32,40,44|18623341500
16/12/2018|01,14,22,26,35,42|17211916500
14/12/2018|07,16,20,26,30,34|15853774500
12/12/2018|01,03,11,15,27,30|14424640000
09/12/2018|06,08,26,34,40,41|13234739000
07/12/2018|01,06,07,22,31,39|13327206000
05/12/2018|07,28,29,39,42,45|22811729000
02/12/2018|02,04,12,23,37,45|21297938500
30/11/2018|11,18,23,25,28,35|19833902000
28/11/2018|08,13,20,21,25,28|18659638000
25/11/2018|03,05,11,18,24,29|17059686000
23/11/2018|08,10,12,21,25,40|16179431500
21/11/2018|07,09,16,19,24,33|14759709000
18/11/2018|06,27,28,30,37,44|13453897000
16/11/2018|04,12,18,21,25,41|52258801500
14/11/2018|12,14,24,26,30,40|48159309000
11/11/2018|20,23,26,27,32,34|43902022000
09/11/2018|06,18,28,32,34,35|39864238000
07/11/2018|06,18,22,25,31,37|36379047500
04/11/2018|07,12,13,17,25,30|32794682000
02/11/2018|04,06,11,18,24,25|29460748500
31/10/2018|17,22,26,30,33,35|26288813500
28/10/2018|09,18,19,20,31,45|23707191500
26/10/2018|02,18,31,33,36,41|22250368000
24/10/2018|06,26,34,35,39,42|20507870500
21/10/2018|06,22,24,28,30,37|18963930500
19/10/2018|02,14,30,38,39,45|17473946000
17/10/2018|01,12,14,36,39,43|15978847000
14/10/2018|07,08,09,34,40,43|14531727000
12/10/2018|11,12,20,26,28,42|13314551500
10/10/2018|18,19,22,28,41,42|66629405000
07/10/2018|14,18,31,34,39,44|61781541000
05/10/2018|04,12,17,29,35,44|57081586000
03/10/2018|06,12,19,21,25,45|52932632500
30/09/2018|01,20,24,36,43,45|48950540000
28/09/2018|02,06,11,13,15,38|44806838500
26/09/2018|12,19,27,39,42,45|40998275000
23/09/2018|18,27,32,35,41,44|38869967500
21/09/2018|01,03,11,14,23,29|36885341000
19/09/2018|10,20,22,24,27,42|34913441500
16/09/2018|03,13,17,18,23,34|33027155000
14/09/2018|12,16,17,18,26,34|31118111500
12/09/2018|11,12,13,16,29,31|29419428500
09/09/2018|08,14,18,21,44,45|27522500500
07/09/2018|08,10,11,28,42,45|25630550500
05/09/2018|05,06,22,27,34,37|24112702500
02/09/2018|10,12,13,22,26,40|22424074500
31/08/2018|11,19,30,36,38,40|20898326500
29/08/2018|16,17,24,28,30,36|19222545000
26/08/2018|01,03,11,12,22,36|17774665500
24/08/2018|03,22,25,29,33,40|16218356500
22/08/2018|15,17,18,33,34,44|14666550500
19/08/2018|16,18,28,36,37,45|13176212000
17/08/2018|03,08,22,28,33,42|16109307500
15/08/2018|12,24,25,33,40,44|14830706500
12/08/2018|05,16,17,28,31,38|13334071500
10/08/2018|18,22,24,29,41,45|31813307500
08/08/2018|19,34,37,39,41,44|29901465000
05/08/2018|07,10,18,31,39,43|27963487000
03/08/2018|03,08,10,24,27,28|26281515500
01/08/2018|05,06,29,30,37,38|24731858000
29/07/2018|26,31,32,37,43,45|22925351500
27/07/2018|02,21,32,37,38,42|21031963500
25/07/2018|09,16,18,38,41,45|19477380000
22/07/2018|08,09,24,27,40,45|17791807000
20/07/2018|13,14,16,19,20,23|16218909000
18/07/2018|08,10,14,19,26,34|14699373500
15/07/2018|07,15,20,29,31,38|13380902000
13/07/2018|03,08,09,25,27,28|16334968000
11/07/2018|12,26,28,29,39,43|14804193500
08/07/2018|02,07,08,10,28,44|13398681000
06/07/2018|22,26,33,34,38,42|19552700000
04/07/2018|02,03,27,28,34,43|17914040000
01/07/2018|04,07,15,28,34,37|16261589000
29/06/2018|06,18,22,24,36,39|14740422500
27/06/2018|25,27,29,33,37,38|13503491000
24/06/2018|06,08,23,32,33,41|45425875500
22/06/2018|15,19,20,26,34,39|41341594500
20/06/2018|02,18,22,30,32,43|37468041000
17/06/2018|03,05,06,07,34,40|33489990000
15/06/2018|08,11,13,23,24,28|29482556000
13/06/2018|02,04,17,24,31,40|27102742000
10/06/2018|22,25,35,36,38,39|24921544500
08/06/2018|04,13,32,35,40,42|23018484500
06/06/2018|06,20,22,26,43,44|21075967500
03/06/2018|18,20,24,40,42,45|19111078500
01/06/2018|06,14,19,38,43,44|17365309000
30/05/2018|02,17,19,27,31,36|15627431500
27/05/2018|05,09,17,18,19,22|13683452000
25/05/2018|05,14,22,26,29,39|21696294500
23/05/2018|13,16,25,34,37,41|19682837500
20/05/2018|18,19,25,26,29,39|17623253000
18/05/2018|03,18,24,29,30,35|15871546000
16/05/2018|10,21,23,25,35,38|13942069000
13/05/2018|06,11,16,18,27,41|24928178500
11/05/2018|10,11,26,29,33,38|22525075500
09/05/2018|09,15,20,30,31,33|20418869500
06/05/2018|11,26,28,34,36,37|18190592000
04/05/2018|09,18,25,26,27,29|16001414000
02/05/2018|10,11,22,29,37,40|13991781000
29/04/2018|03,10,22,23,25,43|43167500500
27/04/2018|10,20,24,27,28,29|38250538000
25/04/2018|04,15,17,23,29,43|32795426500
22/04/2018|06,07,22,32,36,39|29520435500
20/04/2018|06,09,14,30,33,42|26951035500
18/04/2018|06,16,28,29,39,44|24283540000
15/04/2018|03,09,13,20,30,34|21625367000
13/04/2018|11,22,24,33,38,43|19208849500
11/04/2018|07,20,23,25,26,39|16698808500
08/04/2018|02,05,11,16,30,34|14181136500
06/04/2018|01,07,08,09,36,40|18950624000
04/04/2018|02,03,06,16,41,44|16610316000
01/04/2018|04,12,24,33,39,43|14023275500
30/03/2018|07,11,18,28,34,43|47232044000
28/03/2018|12,18,31,34,35,42|41045491000
25/03/2018|04,10,13,22,38,42|35146443000
23/03/2018|03,06,12,22,26,35|29771262500
21/03/2018|06,19,38,40,41,44|24925558000
18/03/2018|14,21,24,28,31,40|22126590500
16/03/2018|06,08,13,17,20,34|19364868500
14/03/2018|12,21,23,27,31,34|16816618000
11/03/2018|01,14,19,26,41,42|14198696000
09/03/2018|05,10,13,19,25,44|63703129500
07/03/2018|08,19,25,31,37,40|57077335000
04/03/2018|04,11,19,25,32,40|50300808000
02/03/2018|03,07,15,27,41,45|44207793500
28/02/2018|17,19,21,23,36,40|38734509500
25/02/2018|08,10,12,29,30,42|31977072000
23/02/2018|05,16,19,23,29,37|25996836500
21/02/2018|18,23,24,26,29,33|22715192500
18/02/2018|01,05,14,16,36,38|19454641500
14/02/2018|12,31,32,34,35,43|17174625000
11/02/2018|05,19,27,32,41,45|14235832500
09/02/2018|02,10,14,19,23,37|32015128500
07/02/2018|05,07,18,26,30,36|26011855000
04/02/2018|01,05,13,27,40,45|22059937000
02/02/2018|02,07,14,28,42,45|19227076000
31/01/2018|04,07,09,10,30,40|16606785500
28/01/2018|12,26,27,33,36,37|14144899000
26/01/2018|01,09,18,28,36,44|75033798000
24/01/2018|05,06,24,33,42,45|67844710500
21/01/2018|01,10,11,24,32,37|60521055500
19/01/2018|02,04,27,28,31,36|53253948000
17/01/2018|09,10,12,22,27,41|46117073000
14/01/2018|01,06,10,29,32,41|38977908000
12/01/2018|04,08,17,23,27,34|32458724000
10/01/2018|06,18,21,22,37,45|26791424500
07/01/2018|04,06,11,13,24,31|22694481500
05/01/2018|19,30,34,38,42,44|20050529500
03/01/2018|08,14,19,30,33,35|17039845000
31/12/2017|03,13,14,26,30,34|14360960500
29/12/2017|02,08,17,20,29,39|105541617500
27/12/2017|09,13,19,21,27,30|96904849000
24/12/2017|01,05,09,14,30,31|88529570000
22/12/2017|09,13,17,22,26,33|80604750500
20/12/2017|03,08,25,37,40,42|73379042500
17/12/2017|04,07,16,27,40,41|65963106000
15/12/2017|13,14,17,24,28,43|58946980500
13/12/2017|04,07,19,24,32,38|52263301500
10/12/2017|27,36,39,43,44,45|46141752000
08/12/2017|02,11,15,32,40,44|40544388500
06/12/2017|03,07,29,31,34,43|35307952000
03/12/2017|08,09,15,18,27,30|30094115000
01/12/2017|10,19,30,35,39,45|27156006000
29/11/2017|19,23,26,37,38,41|24686239000
26/11/2017|04,12,17,19,23,34|22050287500
24/11/2017|14,24,32,34,36,45|19851922000
22/11/2017|05,06,09,23,27,35|17737324500
19/11/2017|14,20,30,33,41,43|15922069000
17/11/2017|11,13,18,19,31,45|13915237000
15/11/2017|01,09,15,27,33,43|20031482500
12/11/2017|22,26,37,40,42,44|17964388500
10/11/2017|01,04,19,21,24,35|16076253000
08/11/2017|01,18,23,24,40,41|14042946500
05/11/2017|03,17,38,39,41,44|39508281500
03/11/2017|07,17,20,22,29,44|33963663500
01/11/2017|04,12,25,39,42,44|28523607000
29/10/2017|01,05,28,31,44,45|23994411500
27/10/2017|04,10,13,21,22,38|21223116500
25/10/2017|12,17,23,25,34,38|18660832500
22/10/2017|08,14,16,17,31,42|16454311000
20/10/2017|02,18,25,33,36,42|14044139000
18/10/2017|16,24,32,36,37,40|49725546500
15/10/2017|02,09,14,21,35,40|43087021500
13/10/2017|10,13,20,21,25,36|36463490000
11/10/2017|04,11,14,15,19,26|30674931000
08/10/2017|08,16,24,27,35,39|24467091000
06/10/2017|04,06,18,20,30,45|22039395000
04/10/2017|04,05,09,19,37,44|19277233000
01/10/2017|08,23,27,36,37,43|16810782500
29/09/2017|23,28,30,35,37,42|14386322000
27/09/2017|10,19,33,34,35,45|112128144500
24/09/2017|04,10,11,31,36,39|97184052500
22/09/2017|05,16,21,31,37,41|85794951000
20/09/2017|05,07,13,17,23,33|76017619000
17/09/2017|06,11,15,16,37,40|67928383500
15/09/2017|03,24,35,37,40,43|59876865000
13/09/2017|03,08,19,35,38,40|52375807500
10/09/2017|01,22,23,35,36,42|45017827500
08/09/2017|02,15,17,32,41,44|38078171000
06/09/2017|05,20,24,32,36,42|32087827000
03/09/2017|05,06,26,28,35,43|27593130000
01/09/2017|09,10,13,19,23,41|24806172500
30/08/2017|05,08,11,28,35,41|22072526500
27/08/2017|03,07,16,32,36,39|19342630500
25/08/2017|02,07,12,27,40,44|16843686500
23/08/2017|06,25,27,34,42,43|14430230000
20/08/2017|05,15,18,21,37,45|20196533500
18/08/2017|03,04,18,22,34,37|17211832000
16/08/2017|06,11,15,19,22,41|14511266500
13/08/2017|01,03,06,07,16,18|24355032000
11/08/2017|01,12,19,35,36,41|21279857000
09/08/2017|11,19,22,24,25,31|18094934500
06/08/2017|02,09,10,11,21,43|14758481000
04/08/2017|03,12,13,23,26,37|36385680000
02/08/2017|07,10,17,26,28,43|31526653500
30/07/2017|08,17,24,35,41,44|27215847000
28/07/2017|01,04,09,26,35,39|22841331000
26/07/2017|09,26,27,30,40,44|18997393000
23/07/2017|07,09,13,21,28,39|14699647500
21/07/2017|05,06,09,15,19,32|14103027500
19/07/2017|04,07,13,20,35,44|131916845500
16/07/2017|02,10,27,29,37,39|107310536500
14/07/2017|02,13,19,24,25,33|89529309000
12/07/2017|05,09,14,15,26,42|75739875000
09/07/2017|01,09,14,18,25,28|62125331000
07/07/2017|04,19,22,30,34,35|51353669500
05/07/2017|01,04,16,31,37,40|41307196000
02/07/2017|01,05,07,16,19,44|31480779500
30/06/2017|01,07,10,38,40,42|26077564500
28/06/2017|02,06,21,28,39,40|22045991000
25/06/2017|03,14,33,38,42,44|18213880500
23/06/2017|09,10,21,37,40,42|14933472500
21/06/2017|09,26,29,30,35,37|21487564000
18/06/2017|02,08,12,14,16,26|17199957500
16/06/2017|06,10,17,21,27,38|14665599500
14/06/2017|05,08,15,25,31,35|82060579000
11/06/2017|05,06,11,14,32,33|68224154000
09/06/2017|07,15,19,24,32,42|56519820000
07/06/2017|05,06,13,29,35,44|46118017000
04/06/2017|01,09,23,32,34,35|35585407000
02/06/2017|05,13,16,32,39,41|26998153000
31/05/2017|07,13,16,30,37,44|22304986000
28/05/2017|02,07,17,24,31,44|17885440000
26/05/2017|06,08,25,39,40,45|14713507000
24/05/2017|08,20,25,27,30,33|112477419000
21/05/2017|11,14,17,22,27,42|86669528000
19/05/2017|01,08,18,28,30,33|69744001500
17/05/2017|07,08,11,18,23,42|55971817000
14/05/2017|13,15,17,21,25,40|43072266500
12/05/2017|01,27,35,42,43,45|33883918000
10/05/2017|07,17,21,29,40,44|25768903500
07/05/2017|01,07,28,32,44,45|21030978000
05/05/2017|04,09,12,32,36,43|17450444500
03/05/2017|03,19,20,21,25,45|14671443000
30/04/2017|02,06,08,11,12,25|37930392500
28/04/2017|02,09,11,12,15,23|30392235000
26/04/2017|14,16,17,20,35,39|27142731500
23/04/2017|13,17,22,30,31,43|22460863000
21/04/2017|07,08,15,30,32,39|18574303000
19/04/2017|19,20,32,33,38,44|15289489000
16/04/2017|06,07,18,29,32,44|21551860500
14/04/2017|04,05,10,33,36,38|18396351500
12/04/2017|02,03,08,13,19,41|15061131500
09/04/2017|05,08,21,25,26,37|23260825500
07/04/2017|04,05,16,17,32,40|19215805000
05/04/2017|13,14,20,21,23,33|15738450500
02/04/2017|03,05,07,12,27,33|27757861500
31/03/2017|01,04,05,11,20,30|22599497500
29/03/2017|04,05,24,26,28,37|18913358000
26/03/2017|06,12,23,25,29,43|14932069000
24/03/2017|10,14,30,32,37,42|24369075000
22/03/2017|01,09,24,28,33,36|20053374000
19/03/2017|01,02,06,12,31,36|15514249500
17/03/2017|07,12,24,43,44,45|43029075000
15/03/2017|03,09,10,31,32,40|32528800000
12/03/2017|06,11,30,32,35,42|25751732000
10/03/2017|04,09,21,27,38,44|20691602500
08/03/2017|05,11,14,20,32,42|16235308500
05/03/2017|18,21,24,26,39,45|20208845500
03/03/2017|02,04,13,22,23,41|15908249000
01/03/2017|03,04,26,30,35,44|41241151500
26/02/2017|07,11,16,19,38,39|28881350000
24/02/2017|02,04,19,23,44,45|22067968000
22/02/2017|01,03,08,18,28,42|17094590500
19/02/2017|01,17,24,25,33,35|41655369000
17/02/2017|12,15,25,27,37,41|30113481000
15/02/2017|04,16,19,27,29,30|22068008000
12/02/2017|04,06,12,21,23,28|16293746000
10/02/2017|02,06,10,13,20,28|31054352000
08/02/2017|15,26,29,32,34,38|23731260500
05/02/2017|01,11,26,29,34,40|17097119000
03/02/2017|08,17,31,32,33,39|22224383000
01/02/2017|02,10,11,18,22,33|16621416500
29/01/2017|05,13,21,27,29,45|75850074500
25/01/2017|06,09,14,18,28,30|59055061500
22/01/2017|01,20,21,22,26,29|44064415000
20/01/2017|01,11,31,32,34,37|31062333000
18/01/2017|11,22,26,28,35,43|24189181500
15/01/2017|05,25,27,29,31,43|17152877000
13/01/2017|12,24,29,32,37,39|17491608500
11/01/2017|02,08,21,29,37,45|28747032500
08/01/2017|12,18,29,32,39,45|18718983500
06/01/2017|22,30,34,36,43,45|30531270500
04/01/2017|04,19,25,27,29,31|20148356500
01/01/2017|09,18,24,33,36,39|48794185000
30/12/2016|07,23,27,29,35,37|33158297500
28/12/2016|02,22,25,33,38,43|21524698500
25/12/2016|05,12,20,29,34,36|159232985000
23/12/2016|01,17,24,25,37,43|126099475000
21/12/2016|03,06,12,14,18,40|98384793500
18/12/2016|03,07,30,32,41,43|73843316500
16/12/2016|05,08,33,34,39,44|57376762500
14/12/2016|05,06,12,16,26,30|42627154000
11/12/2016|02,03,04,05,22,24|26567247500
09/12/2016|11,12,15,17,21,26|18528083000
07/12/2016|13,23,27,28,32,45|69582180000
04/12/2016|03,05,13,27,38,44|49357581000
02/12/2016|17,26,33,34,37,42|34053459000
30/11/2016|06,15,17,20,23,41|21722316000
27/11/2016|12,16,17,18,22,30|54886916500
25/11/2016|03,04,25,31,37,40|37849277000
23/11/2016|02,22,23,24,28,37|22673898000
20/11/2016|09,23,33,38,41,42|56100126000
18/11/2016|11,12,16,24,26,31|38611602000
16/11/2016|01,09,17,28,43,44|23092467000
13/11/2016|11,23,25,34,36,45|71066641000
11/11/2016|10,17,22,23,30,36|54743403000
09/11/2016|02,10,14,24,25,30|38977855000
06/11/2016|04,15,16,20,26,41|23252753000
04/11/2016|05,13,22,24,28,32|17235306000
02/11/2016|03,05,08,10,13,22|64808542500
30/10/2016|07,12,25,28,40,44|52703398000
28/10/2016|10,11,13,14,16,38|42928404000
26/10/2016|01,08,16,18,21,28|32312328000
23/10/2016|02,05,12,21,22,40|22362082500
21/10/2016|16,17,30,32,34,38|17842703500
19/10/2016|02,13,15,17,18,41|14659178500
16/10/2016|05,21,31,33,38,42|92030182500
14/10/2016|03,07,09,18,28,39|87558225500
12/10/2016|02,08,15,16,19,25|84060767000
09/10/2016|02,15,20,32,33,44|79596879500
07/10/2016|24,25,27,34,44,45|75539052000
05/10/2016|05,06,19,31,42,44|71430098000
02/10/2016|16,23,27,34,35,38|67219887000
30/09/2016|06,20,30,38,40,45|64193390500
28/09/2016|03,06,17,21,32,40|60841799500
25/09/2016|01,20,28,32,42,44|57057357500
23/09/2016|08,14,19,29,30,40|53733170500
21/09/2016|05,12,15,30,37,41|50637656500
18/09/2016|07,10,17,20,25,32|47104438000
16/09/2016|04,05,06,23,31,34|44453054500
14/09/2016|02,11,14,23,25,32|41528788000
11/09/2016|06,09,10,18,20,31|38971774000
09/09/2016|07,13,16,18,31,32|36597883000
07/09/2016|06,08,12,13,15,19|34202887000
04/09/2016|11,15,20,24,27,45|32087986000
02/09/2016|09,13,24,35,36,41|29958428500
31/08/2016|08,20,21,31,34,39|27868784500
28/08/2016|04,06,10,15,16,44|25624053000
26/08/2016|10,36,39,43,44,45|24214106500
24/08/2016|08,17,21,23,36,40|23139377500
21/08/2016|13,21,24,25,29,44|21982877500
19/08/2016|11,12,17,33,34,36|21032293000
17/08/2016|02,04,09,19,21,26|20253396500
14/08/2016|13,16,17,29,31,37|19290861000
12/08/2016|28,31,34,37,38,41|18841509500
10/08/2016|06,15,16,19,27,30|17952978000
07/08/2016|03,05,17,22,30,31|17164580000
05/08/2016|03,09,13,18,24,31|16409266000
03/08/2016|07,10,25,27,29,40|15791342500
31/07/2016|02,06,19,21,35,39|15121387000
29/07/2016|03,08,13,20,30,36|14565346500
27/07/2016|14,17,21,25,31,37|13942033000
24/07/2016|01,10,16,18,23,38|13271044500
22/07/2016|03,04,14,20,25,35|12858704500
20/07/2016|02,17,33,37,38,45|12000000000
