20/06/2026|16,23,26,30,52,53|56004290850|5290303100
18/06/2026|01,04,14,20,46,49|52693539150|4922441800
16/06/2026|02,04,05,07,31,40|49498635450|4567452500
13/06/2026|02,08,19,33,36,47|46360660800|4218788650
11/06/2026|01,08,17,24,40,48|44082482700|3965657750
09/06/2026|06,08,18,27,32,34|41504451150|3679209800
06/06/2026|03,11,16,37,39,41|39411370650|3446645300
04/06/2026|23,24,28,29,39,43|37228693800|3204125650
02/06/2026|01,03,05,16,37,51|35391562950|3282490100
30/05/2026|02,08,20,24,25,42|32849152050|3316572450
28/05/2026|08,11,21,25,31,53|31561236300|3173470700
26/05/2026|01,14,15,19,23,34|83319176100|5957364550
23/05/2026|17,21,22,27,38,49|77210472000|5278619650
21/05/2026|16,18,20,28,32,34|71618875500|4657331150
19/05/2026|12,39,40,45,48,53|66148230000|4049481650
16/05/2026|08,25,32,36,39,47|62473162800|3641140850
14/05/2026|26,28,39,41,48,55|59800668600|3344197050
12/05/2026|02,11,22,26,31,38|56702895150|5363742750
09/05/2026|03,10,32,37,45,55|54255066600|5091761800
07/05/2026|13,14,33,44,46,50|51369960900|4771194500
05/05/2026|04,06,08,17,30,50|48363270600|4437117800
02/05/2026|09,21,22,26,33,51|45356581650|4103041250
30/04/2026|09,15,21,25,29,50|42838500900|3823254500
28/04/2026|24,25,34,51,52,53|40419333300|3554458100
25/04/2026|04,07,10,29,41,46|37612305750|3242566150
23/04/2026|05,16,17,22,33,53|35429210400|4058059450
21/04/2026|08,30,36,39,50,53|33557365650|3850076700
18/04/2026|09,19,20,28,37,39|31171403100|3584969750
16/04/2026|02,07,15,22,47,52|91889389200|3454813850
14/04/2026|08,16,22,35,39,47|87796064550|4155167000
11/04/2026|13,26,29,38,49,53|81069972600|3407823450
09/04/2026|16,18,22,29,41,53|77399561550|4591280800
07/04/2026|01,13,23,31,44,53|71632884900|3950538950
04/04/2026|05,07,10,23,30,54|65696235150|3290911200
02/04/2026|09,21,32,34,52,53|63078034350|5085578850
31/03/2026|15,16,22,38,43,48|59876080950|4729806250
28/03/2026|07,13,21,30,33,42|56950796550|4404774650
26/03/2026|03,09,10,34,38,44|54630878700|4147006000
24/03/2026|12,19,25,26,32,45|52121608950|3868198250
21/03/2026|01,06,40,43,47,53|49486876500|3575450200
19/03/2026|07,09,17,31,34,36|46605747450|3255324750
17/03/2026|12,26,28,43,50,54|44307824700|11078842550
14/03/2026|07,16,27,29,47,52|41134772100|10726281150
12/03/2026|12,28,36,40,53,55|38227516950|10403252800
10/03/2026|03,26,31,39,47,54|35421960450|10091524300
07/03/2026|04,32,41,45,50,52|32524976100|9769637150
05/03/2026|14,16,35,38,43,51|114662129250|9489084250
03/03/2026|07,13,27,29,43,50|105694649850|8492697650
28/02/2026|22,25,31,44,51,54|96812470200|7505788800
26/02/2026|01,07,10,21,44,51|88926650850|6629586650
24/02/2026|05,08,18,30,39,54|80578203600|5701981400
21/02/2026|05,07,26,30,41,45|72454898500|4799391950
19/02/2026|01,27,30,43,45,46|66543126150|4142528350
14/02/2026|02,13,26,32,36,42|62316078150|3672856350
12/02/2026|08,17,19,31,32,46|59534608350|3363804150
10/02/2026|13,21,22,26,32,55|56260371000|4363958700
07/02/2026|03,05,13,15,29,46|52944733200|3995554500
05/02/2026|07,13,16,25,26,55|50209887000|3691682700
03/02/2026|12,15,18,22,48,53|47302210650|3368607550
31/01/2026|10,11,14,17,49,53|43984742700|20094162200
29/01/2026|11,15,22,32,34,54|40895356350|19750897050
27/01/2026|13,22,32,42,53,54|38390740500|19472606400
24/01/2026|14,24,25,30,35,53|35167297350|19114446050
22/01/2026|02,20,21,29,36,50|32706781950|18841055450
20/01/2026|04,20,26,28,37,41|257134188450|18540301900
17/01/2026|14,21,23,25,46,48|241138005600|16762948250
15/01/2026|13,21,31,34,48,55|226463116350|15132405000
13/01/2026|03,12,25,51,52,55|213555593550|13698235800
10/01/2026|09,16,30,33,34,38|199827244650|12172863700
08/01/2026|20,22,36,43,45,50|188047526250|10864006100
06/01/2026|22,28,29,30,34,47|176547951300|9586275550
03/01/2026|10,16,17,23,33,36|164499610350|8247571000
01/01/2026|05,16,29,33,39,42|153894010350|7069171000
30/12/2025|11,30,35,41,48,55|144058214100|5976304750
27/12/2025|16,21,30,37,39,40|133260892500|4776602350
25/12/2025|04,06,32,37,40,48|123854457900|3731442950
23/12/2025|02,10,16,25,32,38|117271471350|4177330300
20/12/2025|22,32,33,35,40,41|115627287900|3994643250
18/12/2025|12,14,29,30,39,55|110723398050|3449766600
16/12/2025|07,36,37,38,52,55|106675498650|3870275450
13/12/2025|05,08,12,18,20,38|101125122150|3253566950
11/12/2025|09,13,21,45,48,55|98843019600|4619585500
09/12/2025|14,21,26,27,31,43|94702633950|4159542650
06/12/2025|12,26,34,37,50,52|91214740200|3771998900
04/12/2025|10,29,32,33,44,53|87887521200|3402307900
02/12/2025|16,20,24,36,51,54|84266750100|4695950200
29/11/2025|04,20,24,27,40,48|80418746100|4268394200
27/11/2025|04,05,10,11,28,35|76934411400|3881245900
25/11/2025|23,31,32,42,46,48|74915017950|3656868850
22/11/2025|08,10,19,29,34,46|71484993300|3275755000
20/11/2025|03,12,19,20,31,42|69003198300|3587633800
18/11/2025|07,12,18,22,30,49|66647263800|3325863300
15/11/2025|02,30,33,35,42,54|63714494100|3995551950
13/11/2025|01,15,30,38,40,43|60698802000|3660475050
11/11/2025|11,20,28,41,47,54|57859966200|3345048850
08/11/2025|14,16,19,22,27,44|54754526550|3725477650
06/11/2025|16,20,29,33,36,49|52441587750|3468484450
04/11/2025|15,27,29,31,36,43|50350993050|3236196150
01/11/2025|07,11,28,29,31,33|48225227700|3492904850
30/10/2025|20,23,35,41,47,55|46373178900|3287121650
28/10/2025|06,08,10,22,25,54|43789084050|3255619250
25/10/2025|03,05,11,13,24,27|41488510800|4095809200
23/10/2025|08,10,21,48,49,50|39936636300|3923378700
21/10/2025|03,11,12,14,22,40|37705495800|3675474200
18/10/2025|05,16,19,21,38,43|36097198950|3496774550
16/10/2025|14,15,24,26,27,45|34989782700|3373728300
14/10/2025|08,09,16,26,37,55|33287273850|3184560650
11/10/2025|03,07,26,43,44,46|31626228000|3564418400
09/10/2025|07,11,21,22,39,42|36773066100|3383726400
07/10/2025|19,22,35,37,43,45|35025141900|3189512600
04/10/2025|22,33,35,36,38,40|33319528500|3192409200
02/10/2025|01,02,20,24,27,42|31587845700|3176427300
30/09/2025|17,23,34,39,46,52|179058846000|7500802050
27/09/2025|08,13,19,24,39,46|170181303150|6514408400
25/09/2025|05,17,30,31,38,53|162106874400|5617249650
23/09/2025|08,18,19,34,41,46|152898886650|4594139900
20/09/2025|08,13,14,19,36,43|143697475200|3571760850
18/09/2025|02,03,08,27,38,55|138551627550|3626295150
16/09/2025|17,19,28,39,43,53|132914971200|6162341000
13/09/2025|02,07,15,18,24,27|124998778200|5282764000
11/09/2025|06,16,46,49,51,55|118117411500|4518167700
09/09/2025|16,20,21,31,40,52|110073962550|3624451150
06/09/2025|09,11,19,22,34,43|104453902200|4874937450
04/09/2025|09,19,23,42,49,53|97840187850|4140080300
02/09/2025|09,16,22,25,30,51|91324162650|3416077500
30/08/2025|02,17,19,24,30,44|87579465150|4616598500
28/08/2025|06,13,28,30,35,52|82146504900|4012936250
26/08/2025|22,30,38,44,48,55|79666261500|3737353650
23/08/2025|01,09,26,34,44,50|76136581650|3345167000
21/08/2025|05,09,17,35,40,41|73030078650|3254058500
19/08/2025|01,14,31,34,36,47|70743552150|3386081250
16/08/2025|14,23,32,36,47,48|67268820900|3560535452
14/08/2025|06,10,17,18,32,35|64599673800|3263963550
12/08/2025|01,06,24,37,40,55|62224001850|3934551350
09/08/2025|05,09,16,36,43,51|58984238100|3574577600
07/08/2025|06,24,31,32,39,48|56313287400|3277805300
05/08/2025|08,41,45,51,52,53|53813039700|3320389450
02/08/2025|12,24,29,33,34,35|50929534650|4137610150
31/07/2025|05,17,31,42,46,49|48494261550|3867024250
29/07/2025|04,08,23,43,45,51|46027096050|3592894750
26/07/2025|05,26,28,29,33,54|43206543300|3279500000
24/07/2025|05,10,24,29,30,34|40691043300|4187893700
22/07/2025|09,10,15,28,33,44|38667639450|3963071050
19/07/2025|08,09,20,36,39,44|36575526450|3730614050
17/07/2025|13,18,33,40,48,53|34913854650|3545983850
15/07/2025|18,26,31,32,36,48|32585071800|3287230200
12/07/2025|02,34,39,41,45,52|344987346900|7998594100
10/07/2025|12,33,34,42,44,53|328889332200|6209925800
08/07/2025|23,24,32,42,48,50|313594940100|4510548900
05/07/2025|03,15,22,45,51,55|300000000000|32691122500
03/07/2025|18,19,29,31,45,54|311454641100|4272737900
01/07/2025|03,11,12,14,27,33|300000000000|16003987500
28/06/2025|08,11,13,20,45,50|300000000000|12230538750
26/06/2025|01,14,16,27,40,51|289868136600|7126146650
24/06/2025|03,09,18,20,30,53|276667996350|5659464400
21/06/2025|06,10,15,43,44,53|262386486300|4072629950
19/06/2025|03,05,09,10,16,47|252732816750|4055431900
17/06/2025|07,13,18,22,32,44|243233929650|4049570550
14/06/2025|11,12,22,26,41,47|233787794700|4016933450
12/06/2025|06,08,16,18,34,44|224635393650|3939031900
10/06/2025|03,06,21,29,40,41|216184106550|9971368850
07/06/2025|12,17,21,46,48,52|202986697350|8504990050
05/06/2025|14,21,33,37,46,49|191760348000|7257617900
03/06/2025|02,11,14,16,27,38|180795936450|6039349950
31/05/2025|06,24,41,45,49,55|170827938300|4931794600
29/05/2025|09,37,42,45,46,50|160738006800|3810691100
27/05/2025|04,12,18,19,44,48|153441786900|3736426100
24/05/2025|19,20,27,30,45,55|146813952000|3699351550
22/05/2025|03,09,14,41,47,55|140519788050|3723677200
20/05/2025|19,27,44,45,47,52|134006693250|7959147050
17/05/2025|02,07,26,29,41,50|124379568750|6889466550
15/05/2025|06,09,13,44,49,54|115812032250|5937518050
13/05/2025|03,07,24,39,54,55|108136393500|5084669300
10/05/2025|07,16,19,28,34,51|99353641350|4108807950
08/05/2025|08,14,29,37,39,50|92683982550|3367734750
06/05/2025|12,16,25,28,30,39|89374369800|5363621800
03/05/2025|15,19,21,26,42,47|82629952950|4614242150
01/05/2025|03,17,19,41,45,50|76782911700|3964570900
29/04/2025|14,15,18,23,28,33|71571443250|3385518850
26/04/2025|03,15,16,31,48,52|68101773600|6694169350
24/04/2025|01,02,15,39,40,47|62979397950|6125016500
22/04/2025|10,25,37,40,41,48|59711369250|5761902200
19/04/2025|05,11,15,32,42,49|56252064000|5377534950
17/04/2025|01,17,20,38,41,52|53378153850|5058211600
15/04/2025|08,23,24,27,42,49|50285338500|4714565450
12/04/2025|03,14,19,37,42,55|47047684800|4354826150
10/04/2025|10,13,36,37,40,43|44401898100|4060849850
08/04/2025|03,07,34,41,43,53|41867135850|3779209600
05/04/2025|13,23,29,32,41,42|39367446600|3501466350
03/04/2025|24,26,34,42,50,51|37221951000|3263077950
01/04/2025|14,15,29,33,39,47|34854249450|12264960500
29/03/2025|14,19,21,24,26,48|32223916650|11972701300
27/03/2025|13,25,32,36,41,53|186303633150|11725599450
25/03/2025|14,23,29,30,35,40|175595022300|10535753800
22/03/2025|02,23,42,50,52,54|164088133950|9257210650
20/03/2025|11,13,24,28,36,41|153077300400|8033784700
18/03/2025|02,08,29,30,50,55|143802230700|7003221400
15/03/2025|01,34,39,40,42,50|133643776800|5874504300
13/03/2025|07,13,21,43,52,53|123635113500|4762430600
11/03/2025|01,16,18,30,31,44|115151239200|3819777900
08/03/2025|10,38,41,43,45,48|107773238100|3676491050
06/03/2025|05,10,21,26,43,51|101684818650|3571245300
04/03/2025|05,14,27,43,45,53|96543610950|3612034450
01/03/2025|15,17,34,37,39,45|91035300900|4233402450
27/02/2025|05,09,21,31,43,53|84093740850|3462118000
25/02/2025|01,07,11,24,29,30|79934678850|4061657400
22/02/2025|01,02,07,22,23,46|77102412150|3746961100
20/02/2025|13,17,20,27,36,54|74036618400|3406317350
18/02/2025|12,13,30,38,40,47|70379762250|8683209000
15/02/2025|22,37,38,47,51,55|66365326200|8237160550
13/02/2025|02,08,23,26,42,47|62674223700|7827038050
11/02/2025|01,09,18,21,35,40|59319380550|7454277700
08/02/2025|11,22,28,44,48,49|55644928050|7046005200
06/02/2025|01,11,31,43,48,54|52747586850|6724078400
04/02/2025|07,17,29,51,52,55|49732972050|6389121200
01/02/2025|01,20,34,38,45,47|46018127550|5976360700
30/01/2025|05,08,24,28,34,52|43645177200|5712699550
25/01/2025|14,21,40,42,48,51|40900773450|5407765800
23/01/2025|11,18,22,49,50,51|38546257350|5146152900
21/01/2025|11,18,22,28,51,52|36193391850|4884723400
18/01/2025|01,03,26,31,37,41|33815698950|4620535300
16/01/2025|08,16,34,37,47,50|31876928850|4405116400
14/01/2025|03,11,12,24,33,40|48562514850|4196568750
11/01/2025|10,25,26,29,37,46|46209201600|3935089500
09/01/2025|18,21,31,39,50,53|44261572800|3718686300
07/01/2025|04,05,09,16,22,39|41746660050|3439251550
04/01/2025|04,10,30,36,40,53|39902397600|3234333500
02/01/2025|04,10,18,22,41,45|37793396100|3671111350
31/12/2024|08,13,29,36,42,43|36109769250|3484041700
28/12/2024|06,19,36,42,53,55|33763433250|3223337700
26/12/2024|06,18,33,38,41,48|31753393950|4010491400
24/12/2024|17,20,27,32,44,51|135414821550|3815669850
21/12/2024|04,16,29,30,35,51|128073792900|3676815650
19/12/2024|13,16,32,39,49,51|121982452050|4531446900
17/12/2024|02,14,27,30,53,54|114127792950|3658707000
14/12/2024|03,10,19,20,21,24|108199429950|3456906000
12/12/2024|01,09,12,18,37,44|104087275950|7553091300
10/12/2024|11,15,26,45,52,55|96561728400|6716919350
07/12/2024|16,17,22,24,29,37|89056708500|5883028250
05/12/2024|16,21,29,41,42,47|82155882450|5116269800
03/12/2024|10,19,33,39,47,54|75376744950|4363032300
30/11/2024|01,20,24,26,38,41|69481767900|3708034850
28/11/2024|01,16,24,28,38,53|66033314400|3324873350
26/11/2024|08,11,16,32,40,43|63109454250|3921018850
23/11/2024|04,12,25,39,48,51|60242121300|3602426300
21/11/2024|15,22,31,40,42,51|57805702500|3331713100
19/11/2024|06,10,17,34,41,48|54820284600|5332330300
16/11/2024|16,22,33,37,39,51|51077854200|4916504700
14/11/2024|12,25,37,40,49,52|48362506500|4614799400
12/11/2024|01,21,29,35,41,45|46129206900|4366655000
09/11/2024|11,14,24,26,34,51|43415255550|4065104850
07/11/2024|06,09,33,39,50,51|40954938600|3791736300
05/11/2024|09,31,36,46,49,54|38354528100|3502801800
02/11/2024|02,09,19,20,34,54|35592679650|3195929750
31/10/2024|05,16,20,29,30,31|33829311900|3209448550
29/10/2024|14,17,19,28,47,51|31944274950|3947249250
26/10/2024|05,19,27,29,42,47|148717283700|3731218700
24/10/2024|05,17,31,39,46,53|142136315400|7861908750
22/10/2024|15,21,23,26,31,43|133000167000|6846781150
19/10/2024|09,22,31,39,43,51|123535166700|5795114450
17/10/2024|11,14,15,26,38,41|115151146950|4863556700
15/10/2024|04,25,41,42,46,52|108078091050|4077661600
12/10/2024|29,34,35,38,50,51|102984137400|3511666750
10/10/2024|04,05,06,29,32,44|98379136650|4367972050
08/10/2024|03,07,14,17,48,50|94545136200|3941972000
05/10/2024|02,10,17,27,50,52|89911590600|3427133600
03/10/2024|18,21,34,40,42,53|86067388200|3805558300
01/10/2024|03,18,22,41,43,44|82059437100|3360230400
28/09/2024|02,11,13,32,41,48|78817363500|4017325750
26/09/2024|03,18,29,39,41,49|75549116100|3654187150
24/09/2024|01,06,11,17,24,31|72583734450|3324700300
21/09/2024|03,08,09,22,26,55|69661431750|4551954400
19/09/2024|04,09,22,24,45,54|67050862500|4261891150
17/09/2024|14,32,34,41,47,54|64498682550|3978315600
14/09/2024|02,12,25,32,51,54|60968881650|3586115500
12/09/2024|03,08,31,36,39,47|58348724700|3294986950
10/09/2024|15,23,37,38,45,49|55693842150|4061709750
07/09/2024|05,11,20,39,46,53|53279767650|3793479250
05/09/2024|15,20,23,29,34,46|50919272400|3531202000
03/09/2024|08,10,11,14,38,48|48757939050|3291053850
31/08/2024|24,33,38,40,42,51|46138454400|4045054250
29/08/2024|08,11,21,29,38,55|43365680850|3736968300
27/08/2024|05,06,29,31,37,48|41320607700|3509737950
24/08/2024|02,17,20,21,22,23|38721118800|3220905850
22/08/2024|11,18,20,32,41,46|36732966150|3748107350
20/08/2024|05,24,26,27,29,54|34384548450|3487172050
17/08/2024|04,28,35,38,39,45|31979607600|3219956400
15/08/2024|08,16,20,30,34,43|39241663950|3510476350
13/08/2024|09,26,40,44,45,50|37179227550|3281316750
10/08/2024|10,23,32,37,48,55|34647376800|3233495950
08/08/2024|01,07,42,43,48,51|32545913250|5472299550
06/08/2024|22,34,44,46,54,55|228605423700|5189420300
03/08/2024|07,20,34,36,41,46|216683739750|3864788750
01/08/2024|09,17,21,48,53,55|208900641000|10335885000
30/07/2024|02,06,22,23,38,51|197848321500|3939907000
27/07/2024|18,23,25,37,39,40|189389158500|3736907850
25/07/2024|12,17,21,25,33,40|182756987850|9201986500
23/07/2024|34,39,40,42,54,55|173134617600|8132834250
20/07/2024|12,18,32,40,51,53|162187998600|6916543250
18/07/2024|10,13,28,35,40,42|152070473550|5792373800
16/07/2024|20,31,34,36,47,52|143092525800|4794824050
13/07/2024|02,12,13,33,44,52|132641850900|3633637950
11/07/2024|01,02,11,21,22,23|126939109350|4518167100
09/07/2024|06,08,09,28,33,53|119737487100|3717986850
06/07/2024|08,10,12,22,25,55|113275605450|3535609950
04/07/2024|10,19,20,29,34,41|108455115900|3556097400
02/07/2024|07,08,50,52,53,54|103450239300|6940249300
29/06/2024|11,15,32,34,46,48|94939428000|5994603600
27/06/2024|07,21,22,41,43,46|87506345100|5168705500
25/06/2024|01,05,09,13,18,27|80672952450|4409439650
22/06/2024|17,25,31,35,41,42|76722113100|3970457500
20/06/2024|01,10,29,34,43,55|74105630400|3679737200
18/06/2024|20,23,27,36,38,44|70914719100|3325191500
15/06/2024|05,10,14,20,26,51|67987995600|3966842450
13/06/2024|08,39,45,47,49,51|64999817400|3634822650
11/06/2024|13,16,21,30,32,39|62127460650|3315671900
08/06/2024|13,16,32,33,35,43|59286413550|3583225100
06/06/2024|18,26,38,39,47,51|56657129250|3291082400
04/06/2024|01,02,07,10,13,19|54037387650|3553778750
01/06/2024|06,24,30,31,47,49|51723546150|3296685250
30/05/2024|04,07,08,12,23,31|49053378900|4674090000
28/05/2024|01,25,29,37,40,54|47522322750|4503972650
25/05/2024|15,22,38,39,43,53|44500277100|4168189800
23/05/2024|08,12,42,47,51,52|42733638750|3971896650
21/05/2024|01,02,14,32,33,41|40422908100|3715148800
18/05/2024|12,18,20,25,27,52|37855412400|3429871500
16/05/2024|20,25,27,39,45,55|35985134550|3222062850
14/05/2024|05,17,36,40,46,50|33986568900|3442952100
11/05/2024|19,23,25,43,46,54|31730182500|3192242500
09/05/2024|03,16,21,36,37,40|62575096350|5660148700
07/05/2024|21,26,35,41,44,52|61542131250|5545374800
04/05/2024|05,27,35,45,49,55|58191976650|5173135400
02/05/2024|30,32,33,36,42,48|55439469300|4867301250
30/04/2024|13,16,26,46,49,54|52411684800|4530880750
27/04/2024|07,12,38,43,48,55|49665978300|4225802250
25/04/2024|13,19,27,38,41,54|47354753100|3968999450
23/04/2024|01,34,39,40,49,53|45053287500|3713281050
20/04/2024|02,06,35,43,45,47|41561844600|3325342950
18/04/2024|01,21,23,33,43,54|38633758050|3625181100
16/04/2024|03,05,32,40,46,50|36274024650|3362988500
13/04/2024|29,36,37,38,40,42|33007128150|3334125350
11/04/2024|03,06,15,25,33,43|314186714850|4576301650
09/04/2024|04,12,27,44,46,51|300000000000|25409725000
06/04/2024|09,13,20,30,39,54|300000000000|67784892000
04/04/2024|03,08,12,25,47,48|337543447350|7171494150
02/04/2024|01,12,18,20,51,52|317948300400|4994255600
30/03/2024|14,17,27,38,54,55|300000000000|21967876000
28/03/2024|01,07,18,26,38,49|300000000000|15830247100
26/03/2024|01,08,13,16,38,44|297045137100|4773402950
23/03/2024|03,10,13,30,40,52|281084510550|4202342900
21/03/2024|12,13,41,48,49,53|270263424450|4398445450
19/03/2024|06,25,39,45,46,55|257677415400|4532598900
16/03/2024|08,36,42,43,44,55|243884025300|10424918300
14/03/2024|21,25,26,29,41,51|228468952650|8712132450
12/03/2024|11,14,18,20,22,43|213559310100|7055505500
09/03/2024|11,13,22,36,46,49|199484306400|5491616200
07/03/2024|13,20,33,47,53,54|186792773700|4081445900
05/03/2024|12,19,21,23,28,54|177059760600|7622995650
02/03/2024|01,19,21,31,50,55|164593876350|6237897400
29/02/2024|04,11,20,38,52,53|153346722600|4988213650
27/02/2024|01,04,06,08,24,35|142673643750|3802316000
24/02/2024|01,03,22,27,38,40|135452799750|3569068200
22/02/2024|08,19,24,31,35,55|130331185950|3419717350
20/02/2024|34,46,50,51,52,55|126553729800|3628934550
17/02/2024|08,12,17,27,38,55|120893318850|5445039249
15/02/2024|03,07,08,18,21,26|116463068400|4952789200
13/02/2024|08,17,22,31,34,49|112343407950|4495049150
08/02/2024|22,31,35,36,38,42|107397479550|3945501550
06/02/2024|08,19,27,34,46,51|103161578250|3474845850
03/02/2024|04,06,07,13,18,26|98887965600|4675257700
01/02/2024|02,07,10,22,32,40|95065337100|4250521200
30/01/2024|03,10,13,40,49,52|91320972600|3834480700
27/01/2024|06,12,38,41,46,55|87295773450|3387236350
25/01/2024|13,17,35,38,42,48|83810646300|3754098000
23/01/2024|13,27,32,48,49,51|80681771550|3406445250
20/01/2024|06,25,29,34,49,54|77023764300|3670976600
18/01/2024|12,20,33,38,40,52|73702820550|3301982850
16/01/2024|09,14,18,20,27,43|70984974900|3313161050
13/01/2024|01,05,07,23,35,42|68166525450|3295208700
11/01/2024|02,23,32,44,51,52|65509647150|4208594000
09/01/2024|16,32,45,50,52,53|62968732950|3926270200
06/01/2024|15,17,21,24,34,46|59785265550|3572551600
04/01/2024|07,34,37,43,52,54|57063120600|3270091050
02/01/2024|02,05,18,31,37,45|54632301150|3278133150
30/12/2023|09,17,29,32,38,52|52129102800|4883977800
28/12/2023|20,28,30,40,45,52|50014908300|4649067300
26/12/2023|10,14,17,27,29,40|47615531700|4382469900
23/12/2023|22,32,39,46,48,49|45088940550|4101737550
21/12/2023|09,31,39,41,47,48|42761793000|3843165600
19/12/2023|11,14,15,24,34,53|40527961950|3594962150
16/12/2023|13,15,21,26,34,35|38380011600|3356301000
14/12/2023|01,12,23,43,48,52|36585760800|3156939800
12/12/2023|06,07,16,21,34,50|35173302600|5057438650
09/12/2023|06,09,26,27,34,47|32990974950|4814957800
07/12/2023|09,13,28,33,50,53|31401323850|4638329900
05/12/2023|02,04,19,32,35,39|50531713500|4482627250
02/12/2023|01,10,20,37,48,51|48458017200|4252216550
30/11/2023|09,13,21,28,50,54|46969203000|4086792750
28/11/2023|10,24,47,48,52,55|44717168550|3836566700
25/11/2023|07,09,10,17,25,53|42235023000|3560772750
23/11/2023|04,06,26,33,52,55|40785765150|3399744100
21/11/2023|03,07,16,37,39,51|38984117250|3199561000
18/11/2023|01,07,10,14,28,29|37188068250|3137295700
16/11/2023|03,05,10,18,44,49|35952406950|4225328000
14/11/2023|04,09,12,15,22,38|34196392650|4030215300
11/11/2023|02,03,04,19,41,42|32810830500|3876263950
09/11/2023|08,17,24,34,39,48|31420540650|3721787300
07/11/2023|12,18,20,28,35,52|35075545050|3563949450
04/11/2023|14,35,37,47,48,50|33414096900|3379344100
02/11/2023|09,15,17,21,26,36|31605069000|3178341000
31/10/2023|10,16,17,28,37,42|173149875300|3727385950
28/10/2023|11,14,25,44,46,47|166603401750|4602191450
26/10/2023|14,22,32,37,43,48|157447377750|3584855450
24/10/2023|12,20,26,33,40,44|152183678700|6548895550
21/10/2023|11,16,24,34,47,52|142854653550|5512337200
19/10/2023|01,23,29,37,51,55|134594405850|4594531900
17/10/2023|13,22,33,41,46,47|126033393900|3643308350
14/10/2023|08,23,30,34,38,47|120243618750|5040169200
12/10/2023|05,08,09,20,36,50|112991932200|4234426250
10/10/2023|06,23,26,37,44,46|106511719800|3514402650
07/10/2023|04,13,36,40,43,52|101882095950|4617950050
05/10/2023|01,21,33,46,47,53|95566397700|3916205800
03/10/2023|03,15,27,29,37,48|90070410900|3305540600
30/09/2023|03,13,19,30,38,44|87320545500|6877471800
28/09/2023|04,23,36,45,47,50|82096341600|6297004700
26/09/2023|14,20,24,27,41,44|77347149150|5769316650
23/09/2023|20,27,36,43,45,47|72457474800|5226019500
21/09/2023|16,26,33,34,41,43|67899735300|4719604000
19/09/2023|17,29,35,40,51,52|64650236700|4358548600
16/09/2023|25,27,42,51,54,55|61815809550|4043612250
14/09/2023|06,10,20,22,50,52|59333976300|3767853000
12/09/2023|26,31,32,39,45,55|56990967600|3507518700
09/09/2023|13,20,32,37,43,49|54554601450|3236811350
07/09/2023|01,04,36,42,45,54|52423299300|4296715600
05/09/2023|02,06,19,29,34,48|50166294600|4045937300
02/09/2023|12,15,32,44,46,51|48434457450|3853510950
31/08/2023|23,33,37,43,45,46|46578147150|3647254250
29/08/2023|01,08,20,25,35,53|44834259900|3453489000
26/08/2023|05,08,24,38,50,51|42714713100|3217983800
24/08/2023|01,10,20,41,42,50|40752858900|13336465600
22/08/2023|02,03,06,34,35,36|38459304300|13081626200
19/08/2023|07,09,13,22,27,42|35774937300|12783363200
17/08/2023|01,05,25,32,51,52|34033462950|12589866050
15/08/2023|05,12,25,39,40,53|31860737850|12348452150
12/08/2023|13,24,39,43,45,52|256972522350|12141703500
10/08/2023|04,14,31,42,47,49|242211415350|10501580500
08/08/2023|05,06,19,20,40,45|226138479600|8715698750
05/08/2023|22,34,40,47,49,51|210802558800|7011707550
03/08/2023|03,12,22,25,37,39|196667264100|5441119250
01/08/2023|04,18,22,25,33,48|184720792350|4113733500
29/07/2023|16,23,25,26,29,40|174697190850|3864584900
27/07/2023|03,11,13,31,33,45|166915926750|3826551700
25/07/2023|12,23,42,44,51,52|159476961450|9238211450
22/07/2023|09,15,23,25,27,34|147710573850|7930835050
20/07/2023|05,34,36,38,47,50|138815469750|6942490150
18/07/2023|10,11,19,28,42,47|129014374350|5853479550
15/07/2023|02,16,31,37,38,48|119322221250|4776573650
13/07/2023|03,04,30,34,36,49|109923542850|3732276050
11/07/2023|24,40,44,46,47,49|103333058400|5908033550
08/07/2023|08,11,23,43,44,48|93737419050|4841851400
06/07/2023|07,12,29,39,46,55|86968735500|4089775450
04/07/2023|04,13,14,23,33,50|80894008650|3414805800
01/07/2023|13,33,36,38,45,50|77160756450|4136449100
29/06/2023|01,11,12,28,46,54|72625274850|3632506700
27/06/2023|02,12,15,16,27,28|69936872700|3333795350
24/06/2023|08,09,16,20,50,53|66932714550|3735399800
22/06/2023|02,11,14,35,43,51|65034265800|3524461050
20/06/2023|07,23,26,31,35,53|63040925550|3302978800
17/06/2023|07,13,23,34,38,40|60314116350|3256525700
15/06/2023|10,11,25,39,46,55|58005385050|5622310700
13/06/2023|04,14,18,27,47,50|55603213950|5355402800
10/06/2023|10,17,27,32,35,41|52877718300|5052569950
08/06/2023|03,36,38,43,51,53|50491951050|4787484700
06/06/2023|01,14,23,27,44,50|48285119100|4542281150
03/06/2023|23,28,29,36,38,41|45597828900|4243693350
01/06/2023|03,18,40,41,46,47|43522243950|4013072800
30/05/2023|01,14,24,28,40,46|41223910350|3757702400
27/05/2023|04,06,08,18,39,43|38990916300|3509591950
25/05/2023|15,16,19,31,33,46|37840372050|3381753700
23/05/2023|26,27,35,36,47,54|36233149800|3203173450
20/05/2023|01,14,21,36,48,53|34404588750|4661644750
18/05/2023|13,14,21,23,30,41|32942141850|4499150650
16/05/2023|19,24,30,34,40,44|31705358250|4361730250
13/05/2023|22,24,35,43,45,54|76361538900|4172246000
11/05/2023|01,03,19,33,34,51|73659305100|3871997800
09/05/2023|07,09,13,22,44,47|70842375750|3559005650
06/05/2023|01,11,22,28,34,42|68127043350|3257302050
04/05/2023|13,30,32,35,45,52|65811324900|3549402400
02/05/2023|04,11,18,25,33,45|62962637700|3232881600
29/04/2023|02,09,12,24,41,53|60866703300|3261376150
27/04/2023|08,28,38,39,41,45|58514317950|3466427050
25/04/2023|06,10,19,23,25,28|56226657900|3212242600
22/04/2023|09,18,23,24,48,52|54316474500|3390154000
20/04/2023|07,11,32,35,42,51|53021964900|3246319600
18/04/2023|17,18,30,40,51,55|50805088500|3514626950
15/04/2023|01,34,35,36,42,43|48248431500|3230553950
13/04/2023|22,26,28,37,39,48|46173445950|5423864950
11/04/2023|10,14,16,18,37,49|44227963200|5207700200
08/04/2023|17,33,36,46,50,52|42137944050|4975475850
06/04/2023|07,10,12,33,52,54|40461283650|4789180250
04/04/2023|13,28,41,42,47,51|38918931150|4617807750
01/04/2023|12,34,39,44,49,55|36853249350|4388287550
30/03/2023|06,11,14,21,30,32|35002371900|4182634500
28/03/2023|06,21,24,41,50,53|33425088600|4007380800
25/03/2023|17,18,28,40,49,54|31734697800|3819559600
23/03/2023|04,07,22,33,40,49|71024943450|3626815400
21/03/2023|07,17,31,43,45,49|68288184300|3322731050
18/03/2023|18,24,32,33,51,53|65383604850|3348904850
16/03/2023|06,23,34,48,50,55|62243461200|4823636850
14/03/2023|14,15,18,20,27,35|59309461650|4497636900
11/03/2023|13,23,25,30,35,44|56487021150|4184032400
09/03/2023|12,22,28,34,53,54|54468180300|3959716750
07/03/2023|08,22,25,27,39,50|52053289050|3691395500
04/03/2023|09,13,23,36,38,54|49872652950|3449102600
02/03/2023|01,03,23,24,43,48|47768959650|3215358900
28/02/2023|02,13,14,30,43,55|45830729550|4144011550
25/02/2023|01,02,14,21,38,51|43516873650|3886916450
23/02/2023|12,16,29,31,39,48|41760073200|3691716400
21/02/2023|04,12,15,21,30,44|40163155050|3514281050
18/02/2023|11,23,26,29,43,50|38396133300|3317945300
16/02/2023|01,05,07,08,20,22|36591358350|3117414750
14/02/2023|01,09,33,37,43,45|35534625600|3614958400
11/02/2023|04,13,45,48,52,54|33529908900|3392212100
09/02/2023|01,10,29,30,49,50|31790453700|3198939300
07/02/2023|06,27,29,32,39,52|92507434050|5518164800
04/02/2023|02,06,08,27,41,46|85835025750|4776786100
02/02/2023|03,10,23,29,34,53|79652814150|4089873700
31/01/2023|10,11,31,32,38,52|73618027050|3419341800
28/01/2023|09,22,23,29,38,47|69843950850|4450051600
26/01/2023|08,15,18,20,33,41|67293412500|4166658450
24/01/2023|03,05,10,12,29,30|64877769750|3898253700
19/01/2023|03,21,32,33,38,52|62304180150|3612299300
17/01/2023|01,09,20,36,44,50|59818408950|3336102500
14/01/2023|05,17,24,30,43,53|56793486450|4023574850
12/01/2023|05,14,37,45,47,55|54479037450|3766413850
10/01/2023|05,12,14,19,46,51|51992583600|3490141200
07/01/2023|03,04,09,15,33,54|49544227650|3218101650
05/01/2023|05,12,34,37,47,49|47581312800|3487777200
03/01/2023|09,13,24,43,47,48|45442629750|3250145750
31/12/2022|10,15,36,42,45,52|43191318000|4215920150
29/12/2022|06,08,33,37,38,51|40919760750|3963524900
27/12/2022|11,12,13,14,23,55|38626793850|3708750800
24/12/2022|05,19,22,23,30,44|36098421150|3427820500
22/12/2022|14,26,35,43,45,48|34469658750|3246846900
20/12/2022|02,06,09,20,31,35|32248036650|5524310950
17/12/2022|01,02,29,34,41,42|167391079950|5274529100
15/12/2022|02,25,38,50,51,55|155290691550|3930041500
13/12/2022|10,22,31,37,41,52|146920318050|5273814700
10/12/2022|02,12,13,18,33,44|134599851300|3904873950
08/12/2022|06,30,36,41,49,55|126455985750|6070142500
06/12/2022|01,11,25,44,45,46|116145205500|4924500250
03/12/2022|16,17,27,48,52,53|108784806600|4106678150
01/12/2022|11,14,29,31,52,54|103576368900|3527962850
29/11/2022|02,13,16,18,41,42|98824703250|4332824400
26/11/2022|08,23,24,48,49,52|94333835100|3833839050
24/11/2022|04,06,18,27,52,53|90352111350|3391425300
22/11/2022|03,09,21,22,26,35|86829283650|3395057800
19/11/2022|03,15,22,39,46,48|83273763450|3384349700
17/11/2022|01,19,25,27,38,42|79814616150|3390879700
15/11/2022|04,20,26,36,47,51|76296698850|3739374550
12/11/2022|08,18,23,30,35,42|72525177750|3320316650
10/11/2022|08,11,14,27,38,45|69642327900|3246053000
08/11/2022|12,27,33,44,48,50|67427850900|3982629450
05/11/2022|10,19,22,25,47,53|63987346200|3600351150
03/11/2022|08,13,24,28,29,33|61167452700|3287029650
01/11/2022|03,09,20,23,31,54|58584185850|3735902200
29/10/2022|01,03,10,13,15,20|55574880150|3401534900
27/10/2022|01,07,10,17,19,30|53993736750|3225852300
25/10/2022|08,18,20,22,42,46|51961066050|4345930350
22/10/2022|17,19,35,42,51,52|49411290450|4062621950
20/10/2022|15,21,27,34,37,53|46869729600|3780226300
18/10/2022|06,30,36,39,44,46|44628997800|3531256100
15/10/2022|08,15,16,39,45,51|41892390300|3227188600
13/10/2022|12,13,43,48,51,52|39847692900|4898754850
11/10/2022|11,26,34,40,46,52|37672072050|4657019200
08/10/2022|11,17,23,34,41,51|35350914000|4399112750
06/10/2022|06,08,19,20,47,53|33330821700|4174658050
04/10/2022|05,11,12,22,43,45|31658106000|3988800750
01/10/2022|14,15,16,22,23,29|37241100750|3804566750
29/09/2022|15,32,33,37,42,54|35206530150|3578503350
27/09/2022|11,13,23,27,37,43|33257062650|3361895850
24/09/2022|01,04,05,17,42,47|31902787650|3211420850
22/09/2022|12,14,19,29,44,47|98674641750|5392800900
20/09/2022|08,27,32,43,53,54|91614070200|4608292950
17/09/2022|05,08,19,34,40,49|87421889100|4142495050
15/09/2022|03,08,19,30,41,52|83847890100|3745384050
13/09/2022|09,10,21,40,41,48|80468982300|3369949850
10/09/2022|02,08,15,19,35,38|77139433650|3202611000
08/09/2022|09,13,23,32,36,52|75315934650|5532384350
06/09/2022|01,05,27,43,52,54|72622537050|5233117950
03/09/2022|11,22,31,33,40,46|68862978750|4815389250
01/09/2022|04,14,18,39,50,53|66183821850|4517705150
30/08/2022|02,13,19,29,30,32|63748396650|4247102350
27/08/2022|01,05,07,10,25,48|60479670450|3883910550
25/08/2022|19,30,35,40,49,53|57912621600|3598682900
23/08/2022|13,21,31,41,44,45|55279408350|3306103650
20/08/2022|06,16,29,32,42,51|52524475500|3507925550
18/08/2022|23,27,31,37,38,42|50094066900|3237880150
16/08/2022|17,18,28,47,50,53|47953145550|6347975150
13/08/2022|19,28,29,30,33,36|45228896850|6045280850
11/08/2022|01,12,21,34,48,55|42823778700|5778045500
09/08/2022|09,10,36,41,51,55|40722247650|5544542050
06/08/2022|06,21,27,41,51,53|38170136550|5260974150
04/08/2022|08,09,20,41,48,54|36032949300|5023508900
02/08/2022|02,05,28,40,47,48|34019568300|4799799900
30/07/2022|01,04,24,35,44,47|31865574450|4560467250
28/07/2022|05,06,17,28,29,39|42178630800|4353181200
26/07/2022|05,08,09,13,14,47|40513467450|4168163050
23/07/2022|27,28,29,39,40,54|38195566050|3910618450
21/07/2022|02,20,33,45,51,55|35972954400|3663661600
19/07/2022|08,09,33,34,35,52|33952631250|3439181250
16/07/2022|06,13,18,27,34,46|31962266400|3218029600
14/07/2022|11,25,29,37,39,52|205143192300|4070928000
12/07/2022|12,13,24,25,39,41|195504840300|12817623150
09/07/2022|05,21,24,47,52,55|183948645900|11533601550
07/07/2022|18,24,32,43,48,55|172448183100|10255772350
05/07/2022|05,07,12,26,29,44|162630330150|9164899800
02/07/2022|06,26,39,40,46,47|153712284600|8174005850
30/06/2022|05,11,15,19,29,31|145146456750|7222247200
28/06/2022|05,22,30,32,38,55|137360420850|6357132100
25/06/2022|14,17,31,35,37,40|128468041500|5369089950
23/06/2022|10,22,23,34,46,54|120359597700|4468151750
21/06/2022|09,13,19,21,34,51|112724914800|3619853650
18/06/2022|06,27,43,44,45,47|107146231950|7616155500
16/06/2022|09,13,21,40,51,54|99398788050|6755328400
14/06/2022|02,15,26,32,35,36|92299663650|5966536800
11/06/2022|10,18,23,25,45,47|85597658400|5221869550
09/06/2022|30,31,35,43,48,50|79919472900|4590960050
07/06/2022|16,17,21,28,39,50|74335915200|3970564750
04/06/2022|03,17,27,30,34,49|70506838200|3545111750
02/06/2022|07,11,28,30,33,50|67823715000|3246986950
31/05/2022|04,10,15,16,47,51|65600832450|4929246350
28/05/2022|33,36,38,42,43,46|62757436800|4613313500
26/05/2022|04,30,32,39,41,53|60427002000|4354376300
24/05/2022|18,31,32,46,50,52|57772834500|4059468800
21/05/2022|19,32,38,40,45,48|55087218300|3761067000
19/05/2022|03,06,31,40,47,54|52849603650|3512443150
17/05/2022|11,17,25,29,45,48|50454523200|3246323100
14/05/2022|02,28,30,43,44,55|48237615300|4647230750
12/05/2022|09,18,24,43,44,50|45524219700|4345742350
10/05/2022|12,18,41,43,47,51|43368051000|4106168050
07/05/2022|15,32,33,36,43,46|40960429950|3838654600
05/05/2022|27,29,33,39,47,53|38990566200|3619780850
03/05/2022|01,22,38,48,49,53|37087734000|3408355050
30/04/2022|11,23,51,52,53,54|35131524600|3190998450
28/04/2022|08,24,25,32,37,44|33412538550|3162155150
26/04/2022|14,22,24,25,43,49|31953142200|5726646150
23/04/2022|03,27,36,41,49,55|92575628850|5509630350
21/04/2022|21,24,27,34,38,42|87502919250|4945995950
19/04/2022|02,07,13,28,29,34|84160173900|4574579800
16/04/2022|04,08,39,41,53,55|80758885350|4196658850
14/04/2022|01,05,09,34,37,45|77809523700|3868952000
12/04/2022|11,18,20,22,25,40|75356765400|3596423300
09/04/2022|02,03,19,28,42,45|72264577800|3252846900
07/04/2022|06,14,15,25,29,32|69988955700|4520183500
05/04/2022|05,18,26,36,43,44|67331602650|4224922050
02/04/2022|32,38,42,44,47,55|64691708250|3931600450
31/03/2022|05,24,34,39,42,49|61525768350|3579829350
29/03/2022|05,11,32,35,40,52|58908623700|3289035500
26/03/2022|01,06,16,30,34,55|56307304200|3506184300
24/03/2022|05,09,16,35,45,46|53906255400|3239401100
22/03/2022|01,14,18,28,47,49|51751645500|3778769900
19/03/2022|08,20,24,37,51,55|49301038650|3506480250
17/03/2022|01,06,12,21,37,49|47074116000|3259044400
15/03/2022|06,14,24,28,33,52|44742716400|4638079600
12/03/2022|12,16,18,26,30,45|42568127400|4396458600
10/03/2022|01,03,08,16,19,36|40440003150|4160000350
08/03/2022|03,23,25,39,47,48|38675385750|3963931750
05/03/2022|05,12,15,25,43,48|36581622600|3731291400
03/03/2022|04,10,16,25,26,43|35512784850|3612531650
01/03/2022|15,19,25,42,51,53|33707650350|3411961150
26/02/2022|05,08,30,36,49,51|31793086200|3199231800
24/02/2022|02,15,25,30,31,32|78554607600|3179091900
22/02/2022|09,16,19,23,25,39|76942780500|3945386250
19/02/2022|01,11,14,33,46,48|74540296200|3678443550
17/02/2022|05,24,40,42,46,54|71367341700|3325893050
15/02/2022|05,07,14,24,29,36|68434304250|3874619150
12/02/2022|04,08,12,42,44,51|66252857250|3632236150
10/02/2022|03,15,26,35,43,52|63474225600|3323499300
08/02/2022|12,15,21,28,32,40|60562731900|3868907300
05/02/2022|01,17,23,29,44,45|57764215200|3557961000
03/02/2022|13,18,22,35,42,43|55150857750|3267587950
29/01/2022|06,10,17,23,25,38|52742566200|5770706550
27/01/2022|01,26,31,36,40,46|50363385150|5506353100
25/01/2022|02,16,17,20,31,51|47714037600|5211981150
22/01/2022|02,06,16,29,37,42|44903463150|4899695100
20/01/2022|08,21,32,34,41,46|42691966950|4653973300
18/01/2022|06,15,16,33,41,43|40661845500|4428404250
15/01/2022|20,26,41,46,47,48|38394271200|4176451550
13/01/2022|07,12,17,26,37,46|36143063400|3926317350
11/01/2022|12,25,26,28,33,46|34313096550|3722987700
08/01/2022|06,17,37,41,48,50|32041280550|3470563700
06/01/2022|04,08,14,21,30,49|40268451000|3243754750
04/01/2022|11,17,22,28,39,49|38074658250|3897184250
01/01/2022|04,25,28,32,33,55|35927361300|3658595700
30/12/2021|09,25,27,32,37,46|33605699250|3400633250
28/12/2021|03,08,09,40,44,48|32003504400|3222611600
25/12/2021|06,08,23,25,33,35|214130470800|5386672700
23/12/2021|08,22,29,43,45,54|204118789350|4274263650
21/12/2021|23,25,28,49,52,54|198581827350|3659045650
18/12/2021|04,06,19,26,38,41|192650416500|3584772200
16/12/2021|19,24,30,41,43,49|187387466700|4132647400
14/12/2021|10,16,19,24,39,50|182330633100|3570777000
11/12/2021|08,13,17,22,42,51|177193640100|3541666050
09/12/2021|03,14,33,40,41,50|172318645650|3557945150
07/12/2021|04,06,22,32,34,53|167297139300|5081094900
04/12/2021|07,09,31,32,36,49|162010540200|4493695000
02/12/2021|06,23,28,31,44,48|157547327700|3997782500
30/11/2021|12,21,23,28,33,46|152992255350|3491663350
27/11/2021|02,05,07,21,31,37|148567285200|3920317800
25/11/2021|16,18,24,29,33,41|144675020100|3487843900
23/11/2021|05,07,09,28,38,55|140284425000|5255172900
20/11/2021|06,10,29,30,31,51|136474196700|4831814200
18/11/2021|18,30,32,37,39,40|132079733400|4343540500
16/11/2021|08,19,27,34,46,51|127938125100|3883361800
13/11/2021|18,22,29,33,46,48|124370953500|3487009400
11/11/2021|03,35,37,41,45,49|119987868900|3496750850
09/11/2021|12,25,26,47,51,53|115517111250|3956654050
06/11/2021|23,31,41,48,49,51|111103646250|3466269050
04/11/2021|05,10,15,31,32,50|106907224800|3853015000
02/11/2021|37,38,42,46,47,55|103358105400|3458668400
30/10/2021|31,36,40,44,50,53|99230089800|4205846300
28/10/2021|02,04,06,13,31,35|95299509900|3769115200
26/10/2021|21,24,29,34,39,53|91883861400|3389598700
23/10/2021|05,11,19,26,28,33|88377473100|3603944700
21/10/2021|03,19,32,36,41,51|85964212650|3335804650
19/10/2021|03,09,25,29,46,50|82941970800|3368671450
16/10/2021|09,17,22,28,50,55|79623927750|5168372250
14/10/2021|09,21,24,30,41,44|76705906800|4844147700
12/10/2021|14,17,31,33,42,50|74329390200|4580090300
09/10/2021|01,22,25,38,39,54|71577732450|4274350550
07/10/2021|06,15,21,24,45,55|69234635100|4014006400
05/10/2021|11,16,17,19,38,43|67505291850|3821857150
02/10/2021|05,06,22,26,49,51|65583214500|3608293000
30/09/2021|18,23,26,32,46,49|64225888500|3457479000
28/09/2021|07,22,25,40,49,50|62152928850|3227150150
25/09/2021|07,20,27,43,48,51|60108577500|4918411450
23/09/2021|06,07,21,25,27,49|58649592000|4756301950
21/09/2021|15,24,25,40,42,50|56957293200|4568268750
18/09/2021|03,14,15,21,47,52|55092779850|4361100600
16/09/2021|10,16,40,43,45,46|53712030000|4207683950
14/09/2021|17,22,30,40,43,44|52091219550|4027593900
11/09/2021|08,17,20,36,39,44|50537868150|3854999300
09/09/2021|06,08,10,23,39,44|49639552050|3755186400
07/09/2021|19,30,35,43,47,55|48767588400|3658301550
04/09/2021|11,12,32,42,43,51|47578886400|3526223550
02/09/2021|01,08,12,26,28,45|46622870850|3419999600
31/08/2021|07,20,37,47,51,53|45716421900|3319283050
28/08/2021|10,16,26,27,34,48|44634669600|3199088350
26/08/2021|11,13,20,51,53,55|43714673400|3096866550
24/08/2021|02,04,07,18,30,35|42842874450|4007094000
21/08/2021|22,24,27,37,38,48|41956676850|3908627600
19/08/2021|05,09,12,20,43,51|41150223750|3819021700
22/07/2021|02,20,24,39,46,53|39750460500|3663492450
20/07/2021|02,08,11,13,17,26|38324690400|3505073550
17/07/2021|02,07,11,21,31,42|37267416300|3387598650
15/07/2021|03,04,12,16,30,50|36217440750|3270934700
13/07/2021|05,11,18,27,34,43|34794244200|3112801750
10/07/2021|07,08,17,37,47,48|33779028450|4329562150
08/07/2021|03,32,34,42,44,54|32676566250|4207066350
06/07/2021|17,20,22,24,30,54|31599710400|4087415700
03/07/2021|04,25,30,38,50,55|53571168300|3909670100
01/07/2021|04,15,28,30,49,52|51386104200|3666885200
29/06/2021|05,14,24,36,44,55|49383994350|3444428550
26/06/2021|06,16,17,20,49,52|47471485800|3231927600
24/06/2021|03,16,17,24,41,44|45384137400|3579373100
22/06/2021|03,09,32,33,41,43|43626698850|3384102150
19/06/2021|01,03,07,13,28,45|41652287400|3164723100
17/06/2021|18,23,38,41,44,55|40169779500|3404733450
15/06/2021|11,18,21,22,30,55|38329212900|3200226050
12/06/2021|04,16,17,20,27,44|36527178450|3370405800
10/06/2021|11,22,24,27,43,54|34760092350|3174062900
08/06/2021|16,28,33,41,42,54|33193526250|3195783850
05/06/2021|14,22,25,39,41,52|31431471600|3159052400
03/06/2021|04,08,21,24,26,47|58284817050|3217550100
01/06/2021|06,12,14,27,43,45|56326866150|4452320650
29/05/2021|02,11,31,37,43,55|54265804950|4223313850
27/05/2021|03,07,18,22,40,46|51898872000|3960321300
25/05/2021|06,10,33,35,36,43|49559884950|3700433850
22/05/2021|15,27,37,45,46,52|47353422000|3455271300
20/05/2021|07,10,12,19,42,54|45292426950|3226271850
18/05/2021|06,07,22,32,38,47|43255980300|3412635650
15/05/2021|01,05,06,13,23,27|41211747300|3185498650
13/05/2021|13,24,25,35,39,41|39542259450|4617836050
11/05/2021|01,14,41,44,46,53|37855593750|4430428750
08/05/2021|14,23,26,37,42,51|35832009000|4205586000
06/05/2021|15,19,24,31,44,53|34447913850|4051797650
04/05/2021|07,24,45,48,49,53|33098155950|3901824550
01/05/2021|03,07,14,22,41,42|31298624850|3701876650
29/04/2021|03,09,23,33,42,44|49475717850|3557585000
27/04/2021|03,09,22,26,32,37|48097092900|3404404450
24/04/2021|01,04,05,21,25,44|46116963300|3184390050
22/04/2021|05,11,17,25,39,48|44457452850|3408882650
20/04/2021|18,25,38,43,47,51|43029773850|3250251650
17/04/2021|04,15,16,29,42,46|40777509000|3617048000
15/04/2021|05,08,27,42,47,51|38923540050|3411051450
13/04/2021|25,33,39,45,49,55|37115385600|3210145400
10/04/2021|12,13,16,17,27,47|35224077000|4190158850
08/04/2021|08,11,16,22,28,30|33504099600|3999050250
06/04/2021|27,33,34,38,46,48|32069373600|3839636250
03/04/2021|02,04,34,38,41,55|141891526200|3609705850
01/04/2021|13,18,24,34,38,54|136404173550|3553478250
30/03/2021|02,11,17,19,47,51|131422869300|3578628150
27/03/2021|05,11,17,20,26,37|126215215950|9548033850
25/03/2021|19,20,24,29,36,39|121944966150|9073561650
23/03/2021|09,13,17,33,34,53|117790059900|8611905400
20/03/2021|16,18,20,25,35,36|113097886500|8090552800
18/03/2021|17,24,38,41,46,54|108239519100|7550734200
16/03/2021|03,31,45,46,49,54|103455782400|7019207900
13/03/2021|07,19,20,23,36,55|98550537600|6474180700
11/03/2021|04,05,12,25,43,44|95157557400|6097182900
09/03/2021|15,18,29,35,47,54|92543076300|5806685000
06/03/2021|18,24,34,39,46,55|89006712600|5413755700
04/03/2021|02,09,21,23,33,41|85415028150|5014679650
02/03/2021|23,29,45,46,49,51|82776283500|4721485800
27/02/2021|06,11,24,30,50,52|79232699100|4327754200
25/02/2021|09,19,32,40,45,51|76449418500|4018500800
23/02/2021|16,19,21,23,30,48|73652565000|3707739300
20/02/2021|01,02,04,32,34,39|70245519600|3329178700
18/02/2021|02,05,10,22,26,47|67282911300|4126719700
16/02/2021|04,10,11,21,23,44|64678866600|3837381400
13/02/2021|03,11,14,31,34,42|62441824800|3588821200
09/02/2021|15,20,21,29,31,41|59715062850|3285847650
06/02/2021|06,22,32,33,35,53|57142434000|6176105900
04/02/2021|28,43,44,50,51,53|54561200700|5889302200
02/02/2021|04,13,31,36,40,54|51862051650|5589396750
30/01/2021|02,07,17,18,21,29|49303866450|5305153950
28/01/2021|03,04,16,34,40,55|47149347450|5065762950
26/01/2021|07,16,32,42,44,47|44953625550|4821793850
23/01/2021|12,31,39,41,45,55|42744858150|4576375250
21/01/2021|09,20,22,31,47,52|40652627700|4343905200
19/01/2021|05,22,25,43,48,53|38752446450|4132773950
16/01/2021|13,15,28,29,32,44|36663441600|3900662300
14/01/2021|01,04,42,44,46,50|35114389950|3728545450
12/01/2021|19,23,29,34,44,53|33350143800|3532518100
09/01/2021|10,19,24,29,46,48|31590120000|3336959900
07/01/2021|07,11,22,38,48,51|34330228050|3160279900
05/01/2021|05,07,09,22,42,54|32887708950|3911224400
02/01/2021|07,19,23,26,35,45|31214532450|3725315900
31/12/2020|02,15,25,27,37,51|81778372050|3590367850
29/12/2020|04,08,11,15,17,41|79249782900|3309413500
26/12/2020|01,24,33,41,43,51|76465061400|3570655700
24/12/2020|11,19,34,41,44,48|73684926750|3261751850
22/12/2020|10,11,16,29,35,38|71329160100|4265037300
19/12/2020|14,20,32,34,37,49|69054094650|4012252250
17/12/2020|15,25,27,35,40,48|66665164800|3746815600
15/12/2020|10,11,13,35,38,49|64462833300|3502112100
12/12/2020|03,14,32,36,41,46|62117400450|3241508450
10/12/2020|03,31,34,36,44,54|59943824400|3227253650
08/12/2020|02,17,32,33,38,45|57898541550|3458370950
05/12/2020|10,28,29,30,37,38|55474428900|3189025100
03/12/2020|05,19,32,41,42,45|53773203000|3203276400
01/12/2020|06,10,12,24,34,43|51943715400|4559367200
28/11/2020|01,20,36,44,45,49|50218452300|4367671300
26/11/2020|18,19,29,31,36,52|48189077850|4142185250
24/11/2020|04,07,19,20,22,53|46305971850|3932951250
21/11/2020|08,14,19,20,49,51|44600432700|3743446900
19/11/2020|12,15,23,28,45,48|42989314350|3564433750
17/11/2020|06,17,27,34,36,51|41486427300|3397446300
14/11/2020|05,11,15,34,44,48|39485472600|3175118000
12/11/2020|04,20,22,25,43,47|37909410600|4166004300
10/11/2020|02,05,19,39,48,53|36119658000|3967142900
07/11/2020|12,28,30,33,45,52|34338855450|3769275950
05/11/2020|01,02,06,18,34,51|32835526500|3602239400
03/11/2020|02,22,27,46,48,52|31591665750|3464032650
31/10/2020|08,18,19,20,43,54|31074947850|3287180900
29/10/2020|09,11,14,16,21,23|50690711550|3167742250
27/10/2020|03,31,33,36,38,39|49181031300|3589227950
24/10/2020|12,21,22,27,41,50|47360481150|3386944600
22/10/2020|02,03,12,21,24,38|45421905900|3171547350
20/10/2020|08,33,38,47,49,54|43877979750|3736653450
17/10/2020|03,14,25,37,49,54|41911723200|3518180500
15/10/2020|08,38,41,47,50,52|40405919700|3350869000
13/10/2020|12,19,28,29,52,53|38731559700|3164829000
10/10/2020|05,10,47,50,53,54|37248098700|3971449700
08/10/2020|10,18,20,21,26,51|35567089050|3784670850
06/10/2020|11,14,29,32,33,40|34116310200|3623473200
03/10/2020|12,14,22,23,39,44|32504337750|3444365150
01/10/2020|03,06,07,19,38,54|31064969100|3284435300
29/09/2020|01,06,07,13,30,55|59665659600|3166105400
26/09/2020|07,10,13,15,40,48|58170711000|3561709150
24/09/2020|12,28,41,42,52,53|56419684950|3367150700
22/09/2020|05,08,15,18,36,45|54648797700|3170385450
19/09/2020|04,07,08,29,31,41|53115328650|3600520850
17/09/2020|01,05,28,43,44,53|51498833700|3420910300
15/09/2020|13,14,15,17,26,53|49600925850|3210031650
12/09/2020|20,21,24,30,31,44|47710641000|3356073700
10/09/2020|18,25,27,37,45,50|46002032400|3166228300
08/09/2020|22,47,48,52,53,55|44505977700|3738333950
05/09/2020|09,12,19,22,31,46|42646878750|3531767400
03/09/2020|07,09,18,22,35,54|41084669100|3358188550
01/09/2020|11,22,24,47,49,53|39735698700|3208302950
29/08/2020|01,04,14,28,35,53|37860972150|4346520200
25/08/2020|21,35,36,38,44,47|36268263300|4169552550
22/08/2020|01,20,24,26,35,51|34552193700|3978878150
20/08/2020|14,18,28,32,33,36|33007974150|3807298200
18/08/2020|22,41,44,46,51,52|31594148400|3650206450
15/08/2020|01,11,29,30,41,51|40602347850|3473078850
13/08/2020|03,25,28,44,49,54|39086174100|3304615100
11/08/2020|02,12,33,39,52,53|37842198150|3166395550
08/08/2020|03,12,24,26,36,43|36344638200|3704959800
06/08/2020|02,05,21,24,26,27|35484039300|3609337700
04/08/2020|10,15,20,21,32,51|34160517300|3462279700
01/08/2020|13,18,29,30,40,47|32664333450|3296037050
30/07/2020|06,07,16,26,29,54|31179786600|3131087400
28/07/2020|03,11,20,34,44,54|108125269950|6969310000
25/07/2020|02,19,21,34,54,55|102347224500|6327304950
23/07/2020|04,12,31,47,49,52|97175363250|5752653700
21/07/2020|06,14,31,37,38,44|91825726800|5158249650
18/07/2020|03,13,22,28,30,53|86441982150|4560055800
16/07/2020|02,05,11,20,24,32|82008822450|4067482500
14/07/2020|05,22,32,34,43,51|77917521900|3612893550
11/07/2020|03,04,06,14,20,38|74543157300|3237964150
09/07/2020|03,10,11,17,26,54|72401479950|3472460950
07/07/2020|07,24,32,35,48,50|70362637500|3245922900
04/07/2020|03,09,10,18,29,45|68149331400|3853016050
02/07/2020|04,10,20,38,48,53|66366603300|3654935150
30/06/2020|05,11,18,19,20,21|64312813650|3426736300
27/06/2020|02,06,38,47,50,53|62496583500|3224932950
25/06/2020|09,10,12,19,27,40|60472186950|3613345900
23/06/2020|02,18,28,46,52,54|58805962050|3428209800
20/06/2020|05,09,33,43,44,50|56914961250|3218098600
18/06/2020|05,18,27,45,50,54|54952073850|3122220850
16/06/2020|02,15,16,23,33,54|53852086200|3735115200
13/06/2020|07,09,11,30,43,53|52151425050|3546152850
11/06/2020|03,21,25,32,35,52|50713813200|3386418200
09/06/2020|01,03,08,22,42,48|49186580250|3216725650
06/06/2020|08,12,24,32,35,51|47236049400|7251116250
04/06/2020|06,12,16,34,39,54|45728364900|7083595750
02/06/2020|04,19,31,42,48,55|44372894250|6932987900
30/05/2020|12,13,41,42,48,53|42364771950|6709863200
28/05/2020|01,04,08,21,44,49|40722802950|6527422200
26/05/2020|11,12,23,24,34,47|39110032200|6348225450
23/05/2020|04,13,27,47,50,55|37457550750|6164616400
21/05/2020|02,15,22,25,30,46|35786056800|5978894850
19/05/2020|05,15,16,19,49,55|34151397600|5797266050
16/05/2020|19,35,38,49,52,55|32685784500|5634420150
14/05/2020|07,23,29,47,51,55|31171245600|5466138050
12/05/2020|01,08,25,34,38,44|192141839100|5335999650
09/05/2020|18,19,30,39,45,46|183593994150|4386239100
07/05/2020|09,19,28,30,32,54|175919619900|3533530850
05/05/2020|01,04,13,15,18,20|171117842250|4915251500
02/05/2020|02,06,09,16,43,53|163627248450|4082963300
30/04/2020|12,31,32,33,39,41|157535203350|3406069400
28/04/2020|04,06,10,16,30,46|153880578750|4167848001
25/04/2020|04,18,24,30,53,55|147103949100|3414889150
31/03/2020|12,19,40,41,43,53|143369946750|3643539800
28/03/2020|01,10,11,13,27,55|137578088550|8574074450
26/03/2020|07,08,11,31,35,36|130391512500|7775566000
24/03/2020|03,09,20,21,33,52|123683187000|7030196500
21/03/2020|10,12,14,17,29,53|116918632650|6278579350
19/03/2020|03,35,41,42,43,49|110372538000|5551235500
17/03/2020|01,14,18,43,49,50|104401521300|4887789200
14/03/2020|12,20,25,38,39,40|98660027100|4249845400
12/03/2020|02,14,19,24,27,34|93827290800|3712874700
10/03/2020|23,25,30,36,45,52|89968227600|3284089900
07/03/2020|05,11,21,30,40,48|87411418500|3761291650
05/03/2020|08,09,34,40,41,54|83145846450|3287339200
03/03/2020|14,15,31,40,43,49|80559793650|5964207600
29/02/2020|09,17,23,26,51,54|75711825300|5425544450
27/02/2020|03,11,21,29,47,55|73148581650|5140739600
25/02/2020|05,13,21,36,39,48|71004697950|4902530300
22/02/2020|07,24,32,49,51,54|68557422900|4630610850
20/02/2020|01,03,20,33,36,51|66299572650|4379738600
18/02/2020|27,32,36,37,47,48|64111378350|4136605900
15/02/2020|26,36,37,38,42,49|61707788850|3869540400
13/02/2020|25,28,32,34,35,39|59497631400|3623967350
11/02/2020|04,14,18,21,32,53|57387718200|3389532550
08/02/2020|09,12,19,25,41,54|55406377200|3169383550
06/02/2020|13,18,34,36,45,49|53881925250|3660378200
04/02/2020|06,10,20,47,52,55|52092567750|3461560700
01/02/2020|02,03,11,23,35,54|49743734700|3200579250
30/01/2020|12,18,28,30,47,50|47938521450|3610751850
28/01/2020|01,20,24,33,40,55|45952786650|3390114650
23/01/2020|09,15,18,25,31,49|44100944850|3184354450
21/01/2020|14,31,45,47,52,54|42441754800|6030452650
18/01/2020|13,18,19,23,32,43|40085895450|5768690500
16/01/2020|10,11,26,33,44,46|38298729900|5570116550
14/01/2020|03,04,17,39,50,51|36634873800|5385243650
11/01/2020|08,11,17,19,25,47|34734762300|5174120150
09/01/2020|17,20,21,29,52,54|33409526250|5026871700
07/01/2020|08,11,16,22,42,54|31673873550|4834021400
04/01/2020|04,14,26,42,44,55|111099202950|4648035450
02/01/2020|12,14,26,29,33,40|108639141150|4374695250
31/12/2019|02,22,26,28,44,55|105104974350|3982010050
28/12/2019|10,17,26,28,29,32|101245855800|3553219100
26/12/2019|05,06,12,18,23,54|98509997550|3249234850
24/12/2019|03,16,30,34,50,55|96266883900|4100571850
21/12/2019|05,08,20,34,37,42|93381149550|3779934700
19/12/2019|18,22,25,28,29,34|91007696550|3516217700
17/12/2019|04,05,14,19,22,37|88681195200|3257717550
14/12/2019|03,30,33,34,40,47|86361737250|4724065750
12/12/2019|01,09,15,42,49,50|83862112800|4446329700
10/12/2019|05,20,33,42,43,49|81294373650|4161025350
07/12/2019|07,18,38,42,47,51|78697118100|3872441400
05/12/2019|09,11,16,27,35,40|76939767750|3677180250
03/12/2019|21,29,36,41,50,52|75051358950|3467357050
30/11/2019|08,09,10,32,44,50|72655918050|3201196950
28/11/2019|01,18,26,28,53,55|70845145500|3209152250
26/11/2019|07,19,38,41,42,47|68962775250|1645004350
23/11/2019|07,29,30,45,50,55|66837919800|4698918000
21/11/2019|21,24,35,38,42,47|64726581900|4464324900
19/11/2019|19,21,33,35,38,40|62562161550|4223833750
16/11/2019|06,08,18,22,49,52|60416984100|3985480700
14/11/2019|09,12,16,36,41,55|58593943200|3782920600
12/11/2019|10,17,24,27,36,39|56779236300|3581286500
09/11/2019|01,03,06,25,29,41|55018617150|3385662150
07/11/2019|01,12,19,37,44,52|53142153150|3177166150
05/11/2019|03,06,16,17,44,50|51547657800|5241750900
02/11/2019|02,15,34,35,48,50|49723313700|5039046000
31/10/2019|18,19,22,37,47,48|48060708600|4854312100
29/10/2019|12,15,16,31,43,55|46241529150|4652181050
26/10/2019|18,20,22,50,51,53|44324971050|4439230150
24/10/2019|09,14,23,41,45,50|42764346750|4265827450
22/10/2019|02,16,26,27,36,40|41541604500|4129967200
19/10/2019|01,10,21,26,42,43|39917681400|3949531300
17/10/2019|05,11,14,34,51,53|38474598450|3789188750
15/10/2019|09,12,29,46,48,53|36880715100|3612090600
12/10/2019|21,39,48,51,53,55|35556777750|3464986450
10/10/2019|04,17,42,51,53,55|34070500650|3299844550
08/10/2019|08,36,39,43,48,50|32751516900|3153290800
05/10/2019|10,29,30,31,37,51|31371899700|3359683250
03/10/2019|04,07,08,26,37,44|80834053800|3207249950
01/10/2019|05,22,38,41,47,49|78968804250|4610358600
28/09/2019|04,08,21,23,40,43|76640721150|4351682700
26/09/2019|07,12,38,43,51,55|74541701100|4118458250
24/09/2019|12,33,39,40,48,53|72724240650|3916518200
21/09/2019|02,05,23,30,42,45|70806645750|3703452100
19/09/2019|02,08,22,34,39,41|69277580400|3533555950
17/09/2019|03,14,26,38,43,47|67885940550|3378929300
14/09/2019|10,36,42,44,45,54|66202794750|3191913100
12/09/2019|18,29,32,33,45,49|64475576850|3179297550
10/09/2019|06,09,19,39,50,54|62861898900|4443960950
07/09/2019|07,17,31,35,38,46|61549528800|4298142050
05/09/2019|20,24,27,30,33,45|60028396500|4129127350
03/09/2019|13,14,29,35,41,55|58394904150|3947628200
31/08/2019|13,20,23,32,51,52|56692930350|3758520000
29/08/2019|10,11,12,23,27,48|54916559850|3561145500
27/08/2019|16,22,29,33,46,47|53375693250|3389938100
24/08/2019|19,20,34,40,49,51|51577194000|3190104850
22/08/2019|04,07,16,17,30,39|49866250350|4174804800
20/08/2019|10,30,38,48,54,55|48546543000|4028170650
17/08/2019|09,11,24,26,38,53|46901064450|3845339700
15/08/2019|19,25,31,32,39,47|45290687700|3666408950
13/08/2019|04,08,16,27,32,40|43839772950|3505196200
10/08/2019|07,17,36,42,43,50|42504716100|3356856550
08/08/2019|01,06,17,18,21,41|40878482250|3176163900
06/08/2019|09,11,19,20,26,42|39293007150|4032556350
03/08/2019|13,24,25,26,27,30|38078447700|3897605300
01/08/2019|01,18,39,45,48,49|36751522800|3750169200
30/07/2019|03,08,12,21,32,51|35273732250|3585970250
27/07/2019|02,03,25,33,44,50|33976192350|3441799150
25/07/2019|03,31,34,41,52,53|32670348600|3296705400
23/07/2019|05,10,21,32,39,52|31304538750|3144948750
20/07/2019|15,18,25,32,42,52|99612417000|4018882600
18/07/2019|04,24,29,31,39,41|97303702800|3762358800
16/07/2019|04,12,19,31,33,40|94600472250|3461999850
13/07/2019|05,23,29,45,50,52|92278133400|3203962200
11/07/2019|06,09,15,26,35,38|90442473600|4368840150
09/07/2019|04,17,25,40,42,51|88891229550|4196479700
06/07/2019|05,29,36,39,46,53|86460678750|3926418500
04/07/2019|04,05,14,46,52,54|84311080050|3687574200
02/07/2019|02,09,33,45,52,54|82181480700|3450952050
29/06/2019|06,10,19,31,34,43|79909429350|3198501900
27/06/2019|09,29,32,44,49,53|78122912250|4530368650
25/06/2019|03,14,34,35,40,49|76160770950|4312352950
22/06/2019|01,09,23,28,42,54|73896412800|4060757600
20/06/2019|09,15,23,41,49,51|71915836350|3840693550
18/06/2019|24,31,45,46,47,54|70095625050|3638447850
15/06/2019|13,23,40,45,52,55|67915717950|3396235950
13/06/2019|06,09,15,22,29,53|65946387450|3177421450
11/06/2019|02,05,13,20,30,49|64349594400|4397402900
08/06/2019|02,08,10,23,27,35|62484145050|4190130750
06/06/2019|10,13,30,36,51,54|60811500000|4004281300
04/06/2019|18,20,24,26,33,41|59020828950|3805317850
01/06/2019|10,24,31,41,42,47|56962077600|3576567700
30/05/2019|17,31,33,34,37,40|55166476800|3377056500
28/05/2019|15,22,31,32,33,37|53501940750|3192108050
25/05/2019|04,12,35,44,50,55|51772968300|4511876700
23/05/2019|13,21,33,42,53,55|50248806150|4342525350
21/05/2019|11,12,29,31,37,53|48503567100|4148609900
18/05/2019|06,10,13,18,29,38|46636259700|3941131300
16/05/2019|08,28,30,33,40,43|45292760400|3791853600
14/05/2019|06,11,15,21,30,40|43647956850|3609097650
11/05/2019|06,11,20,22,26,28|42030094350|3429335150
09/05/2019|19,21,48,49,54,55|40648074600|3275777400
07/05/2019|03,06,07,08,09,49|39120897000|3106091000
04/05/2019|02,03,26,53,17,01|38166078000|3907342000
02/05/2019|02,10,16,17,33,36|36699868650|3744429850
30/04/2019|03,05,13,40,41,45|35412222450|3601358050
27/04/2019|01,11,22,26,33,51|34252173750|3472463750
25/04/2019|16,22,23,33,36,38|32860128000|3317792000
23/04/2019|20,21,22,31,43,45|31616504400|3179611600
20/04/2019|08,10,12,24,40,44|119957842650|4699731700
18/04/2019|07,08,15,24,26,48|117272637300|4401375550
16/04/2019|16,29,32,33,52,53|114222823500|4062507350
13/04/2019|09,13,20,21,36,43|110883292950|3691448400
11/04/2019|01,08,31,32,37,55|107805747000|3349498850
09/04/2019|10,14,19,36,48,49|104660257350|3705261050
06/04/2019|01,20,30,41,46,50|101454269700|3349040200
04/04/2019|16,26,29,38,47,51|98312907900|3597381000
02/04/2019|01,04,09,20,22,26|95702711250|3307359150
30/03/2019|03,15,18,35,50,54|92936478900|3564575350
28/03/2019|03,23,37,43,44,49|90282744300|3269715950
26/03/2019|15,19,28,40,44,48|87855300750|4377501800
23/03/2019|03,09,30,41,46,52|85400833350|4104783200
21/03/2019|07,18,32,42,46,53|82774946550|3813018000
19/03/2019|08,28,32,35,40,45|80316793200|3539889850
16/03/2019|10,18,22,24,35,40|77924209350|3274047200
14/03/2019|18,21,25,35,44,53|75457784550|3267720100
12/03/2019|09,16,26,34,44,49|73048303650|3293307650
09/03/2019|18,24,31,34,35,44|70408534800|3917427600
07/03/2019|02,14,20,33,41,47|68424485250|3696977650
05/03/2019|01,15,23,51,53,55|66291315150|3459958750
02/03/2019|01,02,03,20,46,48|64196433750|3227194150
28/02/2019|04,15,19,34,40,42|62151686400|3659927700
26/02/2019|08,09,16,34,42,43|60260695050|3449817550
23/02/2019|16,19,30,39,43,52|58168007850|3217296750
21/02/2019|03,10,11,15,29,34|56212337100|6360507100
19/02/2019|12,18,22,29,32,52|54466250250|6166497450
16/02/2019|05,08,14,28,37,40|52474074150|5945144550
14/02/2019|08,15,26,41,43,53|50622710700|5739437500
12/02/2019|01,12,17,34,48,49|48334463400|5485187800
09/02/2019|02,14,15,44,46,50|46036778250|5229889450
07/02/2019|20,27,28,32,47,50|44397880500|5047789700
02/02/2019|11,23,27,35,36,46|42935678850|4885322850
31/01/2019|10,19,20,28,34,44|41293427700|4702850500
29/01/2019|15,20,26,41,45,55|39668776950|4522333750
26/01/2019|20,27,33,43,53,54|37689645000|4302430200
24/01/2019|31,35,38,44,49,55|36240081150|4141367550
22/01/2019|01,14,22,40,52,55|34615289550|3960835150
19/01/2019|13,29,42,46,51,53|32903474700|3770633500
17/01/2019|13,14,22,34,35,55|31343414700|3597293500
15/01/2019|04,06,13,22,29,30|77234333700|3448025200
12/01/2019|07,13,14,26,42,54|74780896800|3175421100
10/01/2019|12,22,31,35,40,47|73202106900|3519027500
08/01/2019|03,05,09,11,45,48|70875624450|3260529450
05/01/2019|10,11,38,47,53,55|68530859400|3451848750
03/01/2019|23,31,37,45,49,54|66387325800|3213678350
01/01/2019|02,19,21,27,37,46|64464220650|3655801500
29/12/2018|08,36,42,43,50,52|62343118200|3420123450
27/12/2018|05,20,33,42,43,50|60350101500|3198677150
25/12/2018|03,09,17,21,23,51|58562007150|3763148550
22/12/2018|03,08,16,35,39,52|56763061950|3563265750
20/12/2018|08,17,24,33,34,44|55116976800|3380367400
18/12/2018|01,09,15,17,25,26|53457332700|3195962500
15/12/2018|14,17,49,52,53,55|51693670200|4500296150
13/12/2018|02,11,14,36,49,55|49539451350|4260938500
11/12/2018|01,05,11,37,39,44|47620664400|4047739950
08/12/2018|03,06,09,31,48,54|45711703650|3835633200
06/12/2018|09,13,23,27,39,42|43892386050|3633486800
04/12/2018|10,13,16,23,30,49|42768578550|3508619300
01/12/2018|03,05,12,20,25,33|40936775250|3305085600
29/11/2018|10,23,27,42,51,52|39994410450|3200378400
27/11/2018|03,05,23,28,35,44|38191004850|3290607600
24/11/2018|03,10,11,25,40,54|36820442100|3138322850
22/11/2018|17,22,24,28,37,44|35575536450|3984511300
20/11/2018|09,23,33,40,44,49|34256649000|3837968250
17/11/2018|12,22,26,29,45,47|32831024250|3679565500
15/11/2018|13,16,21,40,49,52|31465133850|3527799900
13/11/2018|03,25,26,32,41,47|41305528200|3365007250
10/11/2018|03,05,19,22,29,39|39307347750|3142987200
08/11/2018|22,28,31,39,52,53|38020462950|5236233250
06/11/2018|19,22,23,43,47,53|36334813350|5048938850
03/11/2018|14,17,20,23,25,45|34340501100|4827348600
01/11/2018|03,11,15,42,44,54|32839102200|4660526500
30/10/2018|01,12,22,27,30,39|31358509500|4496016200
27/10/2018|08,09,15,21,44,49|96756562650|4345070700
25/10/2018|16,23,29,31,45,48|94362451050|4079058300
23/10/2018|01,03,06,13,21,30|91712411850|3784609500
20/10/2018|02,05,10,17,35,41|89122986750|3496895600
18/10/2018|01,11,22,34,42,47|86856031200|3245011650
16/10/2018|05,28,29,34,42,46|84650926350|4933501500
13/10/2018|12,21,23,44,47,48|82070152050|4646748800
11/10/2018|05,16,17,37,46,49|79704990300|4383953050
09/10/2018|10,27,46,50,51,55|77724187950|4163863900
06/10/2018|05,06,16,42,48,51|75218555100|3885460250
04/10/2018|03,09,12,17,34,42|72901033500|3627957850
02/10/2018|03,07,28,32,33,37|71233011300|3442622050
29/09/2018|03,07,12,32,34,55|69155020650|3211734200
27/09/2018|08,12,29,35,51,54|67249412850|3213103350
25/09/2018|02,03,06,13,14,17|65331482700|3884290450
22/09/2018|01,08,17,28,40,50|63494160150|3680143500
20/09/2018|03,32,35,46,47,49|61507022700|3459350450
18/09/2018|08,21,32,43,48,53|59535024150|3240239500
15/09/2018|02,05,28,30,46,50|57372868650|5333582600
13/09/2018|04,06,07,26,40,44|55368863400|5110915350
11/09/2018|13,17,28,42,45,49|53696842500|4925135250
08/09/2018|09,11,12,24,35,43|51566176200|4688394550
06/09/2018|04,11,15,21,24,27|49962814050|4510243200
04/09/2018|08,18,20,29,34,37|48210550500|4315547250
01/09/2018|02,08,20,21,28,36|46296717600|4102899150
30/08/2018|05,22,28,42,49,54|44848312950|3941965300
28/08/2018|02,10,15,31,39,48|43233200400|3762508350
25/08/2018|10,11,15,32,40,48|41260462050|3543315200
23/08/2018|14,18,27,38,39,53|39404614350|3337109900
21/08/2018|09,12,14,23,32,46|38068041000|3188601750
18/08/2018|07,33,36,39,51,55|36370625250|3156157700
16/08/2018|06,10,34,46,48,51|34965205950|3140259400
14/08/2018|29,30,36,38,45,52|33702871350|3596064250
11/08/2018|16,17,31,33,42,44|32194626150|3428481450
09/08/2018|24,29,32,33,49,55|31059648300|3302372800
07/08/2018|03,09,15,20,39,49|47175342150|3184634100
04/08/2018|11,12,24,32,41,48|45513635250|3631662050
02/08/2018|06,11,16,17,41,55|43671479700|3426978100
31/07/2018|01,05,27,31,47,50|41892910050|3229359250
28/07/2018|11,16,22,25,30,40|39828676800|4683462000
26/07/2018|21,24,33,37,40,46|38113527900|4492889900
24/07/2018|11,18,34,37,50,53|36779450250|4344659050
21/07/2018|07,31,33,37,46,52|34751723250|4119356050
19/07/2018|11,13,28,34,44,47|33072762000|3932804800
17/07/2018|05,14,22,27,31,40|31660230900|3775856900
14/07/2018|04,19,23,34,38,50|47012873700|3591386800
12/07/2018|08,15,18,21,24,49|45034013550|3371513450
10/07/2018|06,10,16,20,27,29|43270472550|3175564450
07/07/2018|02,30,45,48,49,53|41690392500|3939988950
05/07/2018|04,15,22,24,43,51|39908934300|3742049150
03/07/2018|30,32,34,47,48,49|38162758350|3548029600
30/06/2018|03,12,23,24,30,33|36351516000|3346780450
28/06/2018|11,31,33,43,48,51|34769813250|3171035700
26/06/2018|17,18,21,39,40,43|33230491950|3968832000
23/06/2018|06,08,13,23,46,55|31562051700|3783449750
21/06/2018|02,08,19,23,25,33|44151049200|3609888450
19/06/2018|16,17,31,37,41,52|42685218300|3447018350
16/06/2018|14,15,21,30,44,47|40558167300|3210679350
14/06/2018|03,15,32,45,48,54|38662053150|4150397100
12/06/2018|04,13,23,27,29,35|36793704900|3942802850
09/06/2018|09,23,25,39,52,53|35057037900|3749839850
07/06/2018|11,16,18,26,46,47|33451356000|3571430750
05/06/2018|11,21,26,32,51,52|31656701100|3372024650
02/06/2018|05,07,17,22,32,33|40421556750|3187946750
31/05/2018|03,15,18,25,26,29|38730036000|3772192400
29/05/2018|09,13,17,18,46,50|37041107700|3584533700
26/05/2018|07,12,28,31,40,44|35144050350|3373749550
24/05/2018|24,25,26,29,36,48|33284469900|3167129500
22/05/2018|04,05,08,17,35,47|31780304400|3647009800
19/05/2018|33,35,45,52,53,55|42114151200|3449198200
17/05/2018|13,31,38,45,53,55|40161824400|3232273000
15/05/2018|03,06,29,37,44,49|38071367400|4330115250
12/05/2018|01,09,26,38,54,55|35643065250|4060303900
10/05/2018|02,06,08,34,39,43|33632951700|3836957950
08/05/2018|03,16,23,24,38,42|31688034150|3620856000
05/05/2018|16,32,33,37,40,48|303899669850|3433296650
03/05/2018|23,27,33,37,39,49|300000000000|36846222000
01/05/2018|01,07,20,23,25,38|323711172750|5634574750
28/04/2018|12,19,22,29,32,46|317750310300|4972256700
26/04/2018|23,26,29,31,36,54|311383703550|4264855950
24/04/2018|17,18,24,40,41,46|305150984400|3572331600
21/04/2018|16,18,41,43,46,55|300000000000|7716697000
19/04/2018|04,17,19,35,49,55|300000000000|7032403500
17/04/2018|02,10,26,27,31,38|300000000000|66969623500
14/04/2018|02,10,14,26,45,54|348542745600|8393638400
12/04/2018|04,29,35,37,42,54|341100719850|7566746650
10/04/2018|01,22,25,31,36,48|333842446200|6760271800
07/04/2018|12,24,33,34,36,53|324541622100|5726846900
05/04/2018|07,09,17,25,31,32|317878643550|4986515950
03/04/2018|20,21,39,42,51,53|311346404850|4260711650
31/03/2018|03,07,31,43,51,53|303276464400|3364051600
29/03/2018|05,27,35,39,46,52|300000000000|7207922000
27/03/2018|09,13,14,15,54,55|300000000000|25040212000
24/03/2018|01,30,38,45,48,50|311943369900|4327041100
22/03/2018|01,08,24,33,34,41|304515142950|3501682550
20/03/2018|11,40,43,46,49,55|300000000000|37377430000
17/03/2018|03,14,28,35,50,52|321738459600|5415384400
15/03/2018|15,20,23,28,39,49|314502409200|4611378800
13/03/2018|01,02,17,46,47,49|306583901400|3731544600
10/03/2018|09,20,27,31,48,49|300000000000|70013824500
08/03/2018|14,17,18,23,41,52|350981591250|8664621250
06/03/2018|02,06,13,22,40,48|342197962500|7688662500
03/03/2018|04,10,32,37,47,52|332230461150|6581162350
01/03/2018|04,05,07,17,20,38|323797375200|5644152800
27/02/2018|08,16,23,28,44,49|315871733550|4763525950
24/02/2018|05,07,24,32,45,49|305600910600|3622323400
22/02/2018|11,14,32,36,42,48|300000000000|40973178500
20/02/2018|01,02,21,24,50,52|324942454200|5771383800
17/02/2018|16,22,28,29,35,43|316828524450|4869836050
13/02/2018|09,25,26,30,42,54|307948444500|3883160500
10/02/2018|08,10,19,25,36,46|300000000000|22350630500
08/02/2018|21,22,29,37,41,50|307756203150|3861800350
06/02/2018|01,20,29,31,43,53|300000000000|13248804500
03/02/2018|12,29,42,48,54,55|300000000000|23238831500
01/02/2018|01,07,08,09,39,43|306891445800|3765716200
30/01/2018|15,19,24,51,53,55|300000000000|10505465350
27/01/2018|21,26,36,38,40,50|290823421800|6859255550
25/01/2018|01,10,30,44,45,50|281341050600|5805658750
23/01/2018|03,10,15,23,41,53|271952211000|4762454350
20/01/2018|02,07,15,16,41,45|262085240100|3666124250
18/01/2018|12,24,28,30,36,39|256090121850|5912489850
16/01/2018|06,27,33,41,42,49|247416944250|4948803450
13/01/2018|03,21,25,26,51,55|236891603100|3779321100
11/01/2018|04,07,30,35,37,45|229877713200|3679272900
09/01/2018|18,25,28,46,50,51|223764257100|4819902900
06/01/2018|04,11,24,35,41,45|213511359900|3680692100
04/01/2018|01,07,31,35,46,55|207385131000|4624516750
02/01/2018|04,07,08,34,37,47|198519424050|3639438200
30/12/2017|08,09,36,37,39,50|192764480250|8572319250
28/12/2017|07,18,26,29,31,35|185756375100|7793640900
26/12/2017|07,11,13,18,26,42|179085637200|7052447800
23/12/2017|07,08,09,13,28,44|172865880750|6361363750
21/12/2017|22,23,27,35,37,46|167473255350|5762183150
19/12/2017|02,03,20,25,38,44|161744780550|5125685950
16/12/2017|05,23,37,41,43,53|155267929650|4406035850
14/12/2017|11,12,22,28,46,50|150431996550|3868709950
12/12/2017|06,07,08,21,32,39|145563767850|3327795650
09/12/2017|05,34,35,42,49,52|142613607000|3293227850
07/12/2017|03,14,26,35,44,54|139974556350|4751773250
05/12/2017|27,38,40,42,46,55|135897635550|4298782050
02/12/2017|09,37,45,50,53,54|130389001500|3686711600
30/11/2017|05,13,26,37,53,55|126430993200|3246932900
28/11/2017|02,19,39,49,51,53|124208597100|3692551000
25/11/2017|02,09,16,46,52,55|120250718850|3252786750
23/11/2017|01,02,03,18,25,50|117975638100|3674925400
21/11/2017|05,08,23,37,38,54|114313083150|3267974850
18/11/2017|11,12,26,42,50,54|111901309500|3621198450
16/11/2017|01,16,22,25,47,48|108584968350|3252716100
14/11/2017|20,24,29,41,47,49|106310523450|3610320500
11/11/2017|12,26,33,35,36,44|102765805950|3216463000
09/11/2017|02,03,06,23,34,36|100817638950|5110772400
07/11/2017|19,32,36,37,42,54|97091932800|4696805050
04/11/2017|02,08,12,44,46,52|93461623500|4293437350
02/11/2017|03,09,12,21,51,52|90407671050|3954109300
31/10/2017|07,13,24,45,47,52|87445250850|3624951500
28/10/2017|13,18,35,36,41,48|85047387150|3358522200
26/10/2017|02,10,15,30,34,50|83506415700|3187303150
24/10/2017|01,02,09,13,32,35|81820687350|3199238550
21/10/2017|04,09,13,16,18,49|80027540400|5764145600
19/10/2017|06,15,17,24,40,45|77375046900|5469424100
17/10/2017|01,26,36,40,50,54|74830295100|5186673900
14/10/2017|14,18,29,35,44,49|72079404600|4881019400
12/10/2017|05,08,11,31,37,42|69615950250|4607302250
10/10/2017|29,33,43,44,45,50|67375253100|4358335900
07/10/2017|31,34,40,42,43,49|64573341150|4047012350
05/10/2017|01,03,14,19,35,41|62814288900|3851562100
03/10/2017|21,31,35,41,46,50|61575921300|3713965700
30/09/2017|04,17,23,25,34,46|60155334750|3556122750
28/09/2017|20,27,28,31,39,47|59174588100|3447150900
26/09/2017|14,15,18,30,36,49|57928236150|3308667350
23/09/2017|07,08,27,36,44,53|56305734600|3128389400
21/09/2017|09,12,16,24,43,51|55150230000|5794470000
19/09/2017|03,32,36,41,44,53|54239944350|5693327150
16/09/2017|09,12,21,26,29,52|53177036250|5575226250
14/09/2017|22,23,32,43,44,51|52263240150|5473693350
12/09/2017|06,10,12,47,48,51|51063730500|5340414500
09/09/2017|01,15,23,36,43,54|49441033650|5160114850
07/09/2017|04,18,22,31,32,40|48190895850|5021210650
05/09/2017|01,02,08,13,23,39|46972594200|4885843800
02/09/2017|05,09,11,18,19,37|45743789550|4749309950
31/08/2017|08,20,27,35,36,47|45086515950|4676279550
29/08/2017|04,12,15,23,24,41|43925548800|4547283200
26/08/2017|17,25,30,31,36,41|42705608250|4411734250
24/08/2017|05,16,18,37,42,46|41355943950|4261771550
22/08/2017|10,24,31,32,38,44|40231270200|4136807800
19/08/2017|07,11,13,15,26,51|38842141350|3982460150
17/08/2017|11,12,20,30,32,34|37754634900|3861626100
15/08/2017|07,11,19,32,33,51|36713676000|3745964000
12/08/2017|06,16,20,32,38,51|35666199750|3629577750
10/08/2017|10,11,19,41,50,54|34588091550|3509787950
08/08/2017|19,36,39,41,46,51|33415353750|3379483750
05/08/2017|01,05,11,32,40,45|31903413600|3211490400
03/08/2017|04,09,24,25,27,45|31024813350|3113868150
01/08/2017|05,10,14,23,24,38|30528493950|3058721550